0.0000000000000000
0.0010000000000000
0.0020000000000000
0.0030000000000000
0.0040000000000000
0.0050000000000000
0.0060000000000000
0.0070000000000000
0.0080000000000000
0.0090000000000000
0.0100000000000000
0.0110000000000000
0.0120000000000000
0.0130000000000000
0.0140000000000000
0.0150000000000000
0.0160000000000000
0.0170000000000000
0.0180000000000000
0.0190000000000000
0.0200000000000000
0.0210000000000000
0.0220000000000000
0.0230000000000000
0.0240000000000000
0.0250000000000000
0.0260000000000000
0.0270000000000000
0.0280000000000000
0.0290000000000000
0.0300000000000000
0.0310000000000000
0.0320000000000000
0.0330000000000000
0.0340000000000000
0.0350000000000000
0.0360000000000000
0.0370000000000000
0.0380000000000000
0.0390000000000000
0.0400000000000000
0.0410000000000000
0.0420000000000000
0.0430000000000000
0.0440000000000000
0.0450000000000000
0.0460000000000000
0.0470000000000000
0.0480000000000000
0.0490000000000000
0.0500000000000000
0.0510000000000000
0.0520000000000000
0.0530000000000000
0.0540000000000000
0.0550000000000000
0.0560000000000000
0.0570000000000000
0.0580000000000000
0.0590000000000000
0.0600000000000000
0.0610000000000000
0.0620000000000000
0.0630000000000000
0.0640000000000000
0.0650000000000000
0.0660000000000000
0.0670000000000000
0.0680000000000000
0.0690000000000000
0.0700000000000000
0.0710000000000000
0.0720000000000000
0.0730000000000000
0.0740000000000000
0.0750000000000000
0.0760000000000000
0.0770000000000000
0.0780000000000000
0.0790000000000000
0.0800000000000000
0.0810000000000000
0.0820000000000000
0.0830000000000000
0.0840000000000000
0.0850000000000000
0.0860000000000000
0.0870000000000000
0.0880000000000000
0.0890000000000000
0.0900000000000000
0.0910000000000000
0.0920000000000000
0.0930000000000000
0.0940000000000000
0.0950000000000000
0.0960000000000000
0.0970000000000000
0.0980000000000000
0.0990000000000000
0.1000000000000000
0.1010000000000000
0.1020000000000000
0.1030000000000000
0.1040000000000000
0.1050000000000000
0.1060000000000000
0.1070000000000000
0.1080000000000000
0.1090000000000000
0.1100000000000000
0.1110000000000000
0.1120000000000000
0.1130000000000000
0.1140000000000000
0.1150000000000000
0.1160000000000000
0.1170000000000000
0.1180000000000000
0.1190000000000000
0.1200000000000000
0.1210000000000000
0.1220000000000000
0.1230000000000000
0.1240000000000000
0.1250000000000000
0.1260000000000000
0.1270000000000000
0.1280000000000000
0.1290000000000000
0.1300000000000000
0.1310000000000000
0.1320000000000000
0.1330000000000000
0.1340000000000000
0.1350000000000000
0.1360000000000000
0.1370000000000000
0.1380000000000000
0.1390000000000000
0.1400000000000000
0.1410000000000000
0.1420000000000000
0.1430000000000000
0.1440000000000000
0.1450000000000000
0.1460000000000000
0.1470000000000000
0.1480000000000000
0.1490000000000000
0.1500000000000000
0.1510000000000000
0.1520000000000000
0.1530000000000000
0.1540000000000000
0.1550000000000000
0.1560000000000000
0.1570000000000000
0.1580000000000000
0.1590000000000000
0.1600000000000000
0.1610000000000000
0.1620000000000000
0.1630000000000000
0.1640000000000000
0.1650000000000000
0.1660000000000000
0.1670000000000000
0.1680000000000000
0.1690000000000000
0.1700000000000000
0.1710000000000000
0.1720000000000000
0.1730000000000000
0.1740000000000000
0.1750000000000000
0.1760000000000000
0.1770000000000000
0.1780000000000000
0.1790000000000000
0.1800000000000000
0.1810000000000000
0.1820000000000000
0.1830000000000000
0.1840000000000000
0.1850000000000000
0.1860000000000000
0.1870000000000000
0.1880000000000000
0.1890000000000000
0.1900000000000000
0.1910000000000000
0.1920000000000000
0.1930000000000000
0.1940000000000000
0.1950000000000000
0.1960000000000000
0.1970000000000000
0.1980000000000000
0.1990000000000000
0.2000000000000000
0.2010000000000000
0.2020000000000000
0.2030000000000000
0.2040000000000000
0.2050000000000000
0.2060000000000000
0.2070000000000000
0.2080000000000000
0.2090000000000000
0.2100000000000000
0.2110000000000000
0.2120000000000000
0.2130000000000000
0.2140000000000000
0.2150000000000000
0.2160000000000000
0.2170000000000000
0.2180000000000000
0.2190000000000000
0.2200000000000000
0.2210000000000000
0.2220000000000000
0.2230000000000000
0.2240000000000000
0.2250000000000000
0.2260000000000000
0.2270000000000000
0.2280000000000000
0.2290000000000000
0.2300000000000000
0.2310000000000000
0.2320000000000000
0.2330000000000000
0.2340000000000000
0.2350000000000000
0.2360000000000000
0.2370000000000000
0.2380000000000000
0.2390000000000000
0.2400000000000000
0.2410000000000000
0.2420000000000000
0.2430000000000000
0.2440000000000000
0.2450000000000000
0.2460000000000000
0.2470000000000000
0.2480000000000000
0.2490000000000000
0.2500000000000000
0.2510000000000000
0.2520000000000000
0.2530000000000000
0.2540000000000000
0.2550000000000000
0.2560000000000000
0.2570000000000000
0.2580000000000000
0.2590000000000000
0.2600000000000000
0.2610000000000000
0.2620000000000000
0.2630000000000000
0.2640000000000000
0.2650000000000000
0.2660000000000000
0.2670000000000000
0.2680000000000000
0.2690000000000000
0.2700000000000000
0.2710000000000000
0.2720000000000000
0.2730000000000000
0.2740000000000000
0.2750000000000000
0.2760000000000000
0.2770000000000000
0.2780000000000000
0.2790000000000000
0.2800000000000000
0.2810000000000000
0.2820000000000000
0.2830000000000000
0.2840000000000000
0.2850000000000000
0.2860000000000000
0.2870000000000000
0.2880000000000000
0.2890000000000000
0.2900000000000000
0.2910000000000000
0.2920000000000000
0.2930000000000000
0.2940000000000000
0.2950000000000000
0.2960000000000000
0.2970000000000000
0.2980000000000000
0.2990000000000000
0.3000000000000000
0.3010000000000000
0.3020000000000000
0.3030000000000000
0.3040000000000000
0.3050000000000000
0.3060000000000000
0.3070000000000000
0.3080000000000000
0.3090000000000000
0.3100000000000000
0.3110000000000000
0.3120000000000000
0.3130000000000000
0.3140000000000000
0.3150000000000000
0.3160000000000000
0.3170000000000000
0.3180000000000000
0.3190000000000000
0.3200000000000000
0.3210000000000000
0.3220000000000000
0.3230000000000000
0.3240000000000000
0.3250000000000000
0.3260000000000000
0.3270000000000000
0.3280000000000000
0.3290000000000000
0.3300000000000000
0.3310000000000000
0.3320000000000000
0.3330000000000000
0.3340000000000000
0.3350000000000000
0.3360000000000000
0.3370000000000000
0.3380000000000000
0.3390000000000000
0.3400000000000000
0.3410000000000000
0.3420000000000000
0.3430000000000000
0.3440000000000000
0.3450000000000000
0.3460000000000000
0.3470000000000000
0.3480000000000000
0.3490000000000000
0.3500000000000000
0.3510000000000000
0.3520000000000000
0.3530000000000000
0.3540000000000000
0.3550000000000000
0.3560000000000000
0.3570000000000000
0.3580000000000000
0.3590000000000000
0.3600000000000000
0.3610000000000000
0.3620000000000000
0.3630000000000000
0.3640000000000000
0.3650000000000000
0.3660000000000000
0.3670000000000000
0.3680000000000000
0.3690000000000000
0.3700000000000000
0.3710000000000000
0.3720000000000000
0.3730000000000000
0.3740000000000000
0.3750000000000000
0.3760000000000000
0.3770000000000000
0.3780000000000000
0.3790000000000000
0.3800000000000000
0.3810000000000000
0.3820000000000000
0.3830000000000000
0.3840000000000000
0.3850000000000000
0.3860000000000000
0.3870000000000000
0.3880000000000000
0.3890000000000000
0.3900000000000000
0.3910000000000000
0.3920000000000000
0.3930000000000000
0.3940000000000000
0.3950000000000000
0.3960000000000000
0.3970000000000000
0.3980000000000000
0.3990000000000000
0.4000000000000000
0.4010000000000000
0.4020000000000000
0.4030000000000000
0.4040000000000000
0.4050000000000000
0.4060000000000000
0.4070000000000000
0.4080000000000000
0.4090000000000000
0.4100000000000000
0.4110000000000000
0.4120000000000000
0.4130000000000000
0.4140000000000000
0.4150000000000000
0.4160000000000000
0.4170000000000000
0.4180000000000000
0.4190000000000000
0.4200000000000000
0.4210000000000000
0.4220000000000000
0.4230000000000000
0.4240000000000000
0.4250000000000000
0.4260000000000000
0.4270000000000000
0.4280000000000000
0.4290000000000000
0.4300000000000000
0.4310000000000000
0.4320000000000000
0.4330000000000000
0.4340000000000000
0.4350000000000000
0.4360000000000000
0.4370000000000000
0.4380000000000000
0.4390000000000000
0.4400000000000000
0.4410000000000000
0.4420000000000000
0.4430000000000000
0.4440000000000000
0.4450000000000000
0.4460000000000000
0.4470000000000000
0.4480000000000000
0.4490000000000000
0.4500000000000000
0.4510000000000000
0.4520000000000000
0.4530000000000000
0.4540000000000000
0.4550000000000000
0.4560000000000000
0.4570000000000000
0.4580000000000000
0.4590000000000000
0.4600000000000000
0.4610000000000000
0.4620000000000000
0.4630000000000000
0.4640000000000000
0.4650000000000000
0.4660000000000000
0.4670000000000000
0.4680000000000000
0.4690000000000000
0.4700000000000000
0.4710000000000000
0.4720000000000000
0.4730000000000000
0.4740000000000000
0.4750000000000000
0.4760000000000000
0.4770000000000000
0.4780000000000000
0.4790000000000000
0.4800000000000000
0.4810000000000000
0.4820000000000000
0.4830000000000000
0.4840000000000000
0.4850000000000000
0.4860000000000000
0.4870000000000000
0.4880000000000000
0.4890000000000000
0.4900000000000000
0.4910000000000000
0.4920000000000000
0.4930000000000000
0.4940000000000000
0.4950000000000000
0.4960000000000000
0.4970000000000000
0.4980000000000000
0.4990000000000000
0.5000000000000000
0.5010000000000000
0.5020000000000000
0.5030000000000000
0.5040000000000000
0.5050000000000000
0.5060000000000000
0.5070000000000000
0.5080000000000000
0.5090000000000000
0.5100000000000000
0.5110000000000000
0.5120000000000000
0.5130000000000000
0.5140000000000000
0.5150000000000000
0.5160000000000000
0.5170000000000000
0.5180000000000000
0.5190000000000000
0.5200000000000000
0.5210000000000000
0.5220000000000000
0.5230000000000000
0.5240000000000000
0.5250000000000000
0.5260000000000000
0.5270000000000000
0.5280000000000000
0.5290000000000000
0.5300000000000000
0.5310000000000000
0.5320000000000000
0.5330000000000000
0.5340000000000000
0.5350000000000000
0.5360000000000000
0.5370000000000000
0.5380000000000000
0.5390000000000000
0.5400000000000000
0.5410000000000000
0.5420000000000000
0.5430000000000000
0.5440000000000000
0.5450000000000000
0.5460000000000000
0.5470000000000000
0.5480000000000000
0.5490000000000000
0.5500000000000000
0.5510000000000000
0.5520000000000000
0.5530000000000000
0.5540000000000000
0.5550000000000000
0.5560000000000000
0.5570000000000001
0.5580000000000001
0.5590000000000001
0.5600000000000001
0.5610000000000001
0.5620000000000001
0.5630000000000001
0.5640000000000001
0.5650000000000001
0.5660000000000001
0.5670000000000001
0.5680000000000001
0.5690000000000001
0.5700000000000001
0.5710000000000001
0.5720000000000001
0.5730000000000001
0.5740000000000001
0.5750000000000001
0.5760000000000001
0.5770000000000000
0.5780000000000000
0.5790000000000000
0.5800000000000000
0.5810000000000000
0.5820000000000000
0.5830000000000000
0.5840000000000000
0.5850000000000000
0.5860000000000000
0.5870000000000000
0.5880000000000000
0.5890000000000000
0.5900000000000000
0.5910000000000000
0.5920000000000000
0.5930000000000000
0.5940000000000000
0.5950000000000000
0.5960000000000000
0.5970000000000000
0.5980000000000000
0.5990000000000000
0.6000000000000000
0.6010000000000000
0.6020000000000000
0.6030000000000000
0.6040000000000000
0.6050000000000000
0.6060000000000000
0.6070000000000000
0.6080000000000000
0.6090000000000000
0.6100000000000000
0.6110000000000000
0.6120000000000000
0.6130000000000000
0.6140000000000000
0.6150000000000000
0.6160000000000000
0.6170000000000000
0.6180000000000000
0.6190000000000000
0.6200000000000000
0.6210000000000000
0.6220000000000000
0.6230000000000000
0.6240000000000000
0.6250000000000000
0.6260000000000000
0.6270000000000000
0.6280000000000000
0.6290000000000000
0.6300000000000000
0.6310000000000000
0.6320000000000000
0.6330000000000000
0.6340000000000000
0.6350000000000000
0.6360000000000000
0.6370000000000000
0.6380000000000000
0.6390000000000000
0.6400000000000000
0.6410000000000000
0.6420000000000000
0.6430000000000000
0.6440000000000000
0.6450000000000000
0.6460000000000000
0.6470000000000000
0.6480000000000000
0.6490000000000000
0.6500000000000000
0.6510000000000000
0.6520000000000000
0.6530000000000000
0.6540000000000000
0.6550000000000000
0.6560000000000000
0.6570000000000000
0.6580000000000000
0.6590000000000000
0.6600000000000000
0.6610000000000000
0.6620000000000000
0.6630000000000000
0.6640000000000000
0.6650000000000000
0.6660000000000000
0.6670000000000000
0.6680000000000000
0.6690000000000000
0.6700000000000000
0.6710000000000000
0.6720000000000000
0.6730000000000000
0.6740000000000000
0.6750000000000000
0.6760000000000000
0.6770000000000000
0.6780000000000000
0.6790000000000000
0.6800000000000000
0.6810000000000000
0.6820000000000001
0.6830000000000001
0.6840000000000001
0.6850000000000001
0.6860000000000001
0.6870000000000001
0.6880000000000001
0.6890000000000001
0.6900000000000001
0.6910000000000001
0.6920000000000001
0.6930000000000001
0.6940000000000001
0.6950000000000001
0.6960000000000001
0.6970000000000001
0.6980000000000001
0.6990000000000001
0.7000000000000001
0.7010000000000001
0.7020000000000001
0.7030000000000001
0.7040000000000000
0.7050000000000000
0.7060000000000000
0.7070000000000000
0.7080000000000000
0.7090000000000000
0.7100000000000000
0.7110000000000000
0.7120000000000000
0.7130000000000000
0.7140000000000000
0.7150000000000000
0.7160000000000000
0.7170000000000000
0.7180000000000000
0.7190000000000000
0.7200000000000000
0.7210000000000000
0.7220000000000000
0.7230000000000000
0.7240000000000000
0.7250000000000000
0.7260000000000000
0.7270000000000000
0.7280000000000000
0.7290000000000000
0.7300000000000000
0.7310000000000000
0.7320000000000000
0.7330000000000000
0.7340000000000000
0.7350000000000000
0.7360000000000000
0.7370000000000000
0.7380000000000000
0.7390000000000000
0.7400000000000000
0.7410000000000000
0.7420000000000000
0.7430000000000000
0.7440000000000000
0.7450000000000000
0.7460000000000000
0.7470000000000000
0.7480000000000000
0.7490000000000000
0.7500000000000000
0.7510000000000000
0.7520000000000000
0.7530000000000000
0.7540000000000000
0.7550000000000000
0.7560000000000000
0.7570000000000000
0.7580000000000000
0.7590000000000000
0.7600000000000000
0.7610000000000000
0.7620000000000000
0.7630000000000000
0.7640000000000000
0.7650000000000000
0.7660000000000000
0.7670000000000000
0.7680000000000000
0.7690000000000000
0.7700000000000000
0.7710000000000000
0.7720000000000000
0.7730000000000000
0.7740000000000000
0.7750000000000000
0.7760000000000000
0.7770000000000000
0.7780000000000000
0.7790000000000000
0.7800000000000000
0.7810000000000000
0.7820000000000000
0.7830000000000000
0.7840000000000000
0.7850000000000000
0.7860000000000000
0.7870000000000000
0.7880000000000000
0.7890000000000000
0.7900000000000000
0.7910000000000000
0.7920000000000000
0.7930000000000000
0.7940000000000000
0.7950000000000000
0.7960000000000000
0.7970000000000000
0.7980000000000000
0.7990000000000000
0.8000000000000000
0.8010000000000000
0.8020000000000000
0.8030000000000000
0.8040000000000000
0.8050000000000000
0.8060000000000000
0.8070000000000001
0.8080000000000001
0.8090000000000001
0.8100000000000001
0.8110000000000001
0.8120000000000001
0.8130000000000001
0.8140000000000001
0.8150000000000001
0.8160000000000001
0.8170000000000001
0.8180000000000001
0.8190000000000001
0.8200000000000001
0.8210000000000001
0.8220000000000001
0.8230000000000001
0.8240000000000001
0.8250000000000001
0.8260000000000001
0.8270000000000001
0.8280000000000001
0.8290000000000001
0.8300000000000001
0.8310000000000001
0.8320000000000001
0.8330000000000000
0.8340000000000000
0.8350000000000000
0.8360000000000000
0.8370000000000000
0.8380000000000000
0.8390000000000000
0.8400000000000000
0.8410000000000000
0.8420000000000000
0.8430000000000000
0.8440000000000000
0.8450000000000000
0.8460000000000000
0.8470000000000000
0.8480000000000000
0.8490000000000000
0.8500000000000000
0.8510000000000000
0.8520000000000000
0.8530000000000000
0.8540000000000000
0.8550000000000000
0.8560000000000000
0.8570000000000000
0.8580000000000000
0.8590000000000000
0.8600000000000000
0.8610000000000000
0.8620000000000000
0.8630000000000000
0.8640000000000000
0.8650000000000000
0.8660000000000000
0.8670000000000000
0.8680000000000000
0.8690000000000000
0.8700000000000000
0.8710000000000000
0.8720000000000000
0.8730000000000000
0.8740000000000000
0.8750000000000000
0.8760000000000000
0.8770000000000000
0.8780000000000000
0.8790000000000000
0.8800000000000000
0.8810000000000000
0.8820000000000000
0.8830000000000000
0.8840000000000000
0.8850000000000000
0.8860000000000000
0.8870000000000000
0.8880000000000000
0.8890000000000000
0.8900000000000000
0.8910000000000000
0.8920000000000000
0.8930000000000000
0.8940000000000000
0.8950000000000000
0.8960000000000000
0.8970000000000000
0.8980000000000000
0.8990000000000000
0.9000000000000000
0.9010000000000000
0.9020000000000000
0.9030000000000000
0.9040000000000000
0.9050000000000000
0.9060000000000000
0.9070000000000000
0.9080000000000000
0.9090000000000000
0.9100000000000000
0.9110000000000000
0.9120000000000000
0.9130000000000000
0.9140000000000000
0.9150000000000000
0.9160000000000000
0.9170000000000000
0.9180000000000000
0.9190000000000000
0.9200000000000000
0.9210000000000000
0.9220000000000000
0.9230000000000000
0.9240000000000000
0.9250000000000000
0.9260000000000000
0.9270000000000000
0.9280000000000000
0.9290000000000000
0.9300000000000000
0.9310000000000000
0.9320000000000001
0.9330000000000001
0.9340000000000001
0.9350000000000001
0.9360000000000001
0.9370000000000001
0.9380000000000001
0.9390000000000001
0.9400000000000001
0.9410000000000001
0.9420000000000001
0.9430000000000001
0.9440000000000001
0.9450000000000001
0.9460000000000001
0.9470000000000001
0.9480000000000001
0.9490000000000001
0.9500000000000001
0.9510000000000001
0.9520000000000001
0.9530000000000001
0.9540000000000001
0.9550000000000001
0.9560000000000001
0.9570000000000001
0.9580000000000001
0.9590000000000001
0.9600000000000000
0.9610000000000000
0.9620000000000000
0.9630000000000000
0.9640000000000000
0.9650000000000000
0.9660000000000000
0.9670000000000000
0.9680000000000000
0.9690000000000000
0.9700000000000000
0.9710000000000000
0.9720000000000000
0.9730000000000000
0.9740000000000000
0.9750000000000000
0.9760000000000000
0.9770000000000000
0.9780000000000000
0.9790000000000000
0.9800000000000000
0.9810000000000000
0.9820000000000000
0.9830000000000000
0.9840000000000000
0.9850000000000000
0.9860000000000000
0.9870000000000000
0.9880000000000000
0.9890000000000000
0.9900000000000000
0.9910000000000000
0.9920000000000000
0.9930000000000000
0.9940000000000000
0.9950000000000000
0.9960000000000000
0.9970000000000000
0.9980000000000000
0.9990000000000000
1.0000000000000000
1.0010000000000001
1.0020000000000000
1.0030000000000001
1.0040000000000000
1.0050000000000001
1.0060000000000000
1.0070000000000001
1.0080000000000000
1.0090000000000001
1.0100000000000000
1.0110000000000001
1.0120000000000000
1.0130000000000001
1.0140000000000000
1.0150000000000001
1.0160000000000000
1.0170000000000001
1.0180000000000000
1.0190000000000001
1.0200000000000000
1.0210000000000001
1.0220000000000000
1.0230000000000001
1.0240000000000000
1.0249999999999999
1.0260000000000000
1.0269999999999999
1.0280000000000000
1.0289999999999999
1.0300000000000000
1.0309999999999999
1.0320000000000000
1.0329999999999999
1.0340000000000000
1.0349999999999999
1.0360000000000000
1.0369999999999999
1.0380000000000000
1.0389999999999999
1.0400000000000000
1.0409999999999999
1.0420000000000000
1.0429999999999999
1.0440000000000000
1.0449999999999999
1.0460000000000000
1.0469999999999999
1.0480000000000000
1.0489999999999999
1.0500000000000000
1.0509999999999999
1.0520000000000000
1.0529999999999999
1.0540000000000000
1.0549999999999999
1.0560000000000000
1.0569999999999999
1.0580000000000001
1.0589999999999999
1.0600000000000001
1.0609999999999999
1.0620000000000001
1.0629999999999999
1.0640000000000001
1.0649999999999999
1.0660000000000001
1.0669999999999999
1.0680000000000001
1.0690000000000000
1.0700000000000001
1.0710000000000000
1.0720000000000001
1.0730000000000000
1.0740000000000001
1.0750000000000000
1.0760000000000001
1.0770000000000000
1.0780000000000001
1.0790000000000000
1.0800000000000001
1.0810000000000000
1.0820000000000001
1.0830000000000000
1.0840000000000001
1.0850000000000000
1.0860000000000001
1.0870000000000000
1.0880000000000001
1.0890000000000000
1.0900000000000001
1.0910000000000000
1.0920000000000001
1.0930000000000000
1.0940000000000001
1.0950000000000000
1.0960000000000001
1.0970000000000000
1.0980000000000001
1.0990000000000000
1.1000000000000001
1.1010000000000000
1.1020000000000001
1.1030000000000000
1.1040000000000001
1.1050000000000000
1.1060000000000001
1.1070000000000000
1.1080000000000001
1.1090000000000000
1.1100000000000001
1.1110000000000000
1.1120000000000001
1.1130000000000000
1.1140000000000001
1.1150000000000000
1.1160000000000001
1.1170000000000000
1.1180000000000001
1.1190000000000000
1.1200000000000001
1.1210000000000000
1.1220000000000001
1.1230000000000000
1.1240000000000001
1.1250000000000000
1.1260000000000001
1.1270000000000000
1.1280000000000001
1.1290000000000000
1.1300000000000001
1.1310000000000000
1.1320000000000001
1.1330000000000000
1.1340000000000001
1.1350000000000000
1.1360000000000001
1.1370000000000000
1.1380000000000001
1.1390000000000000
1.1400000000000001
1.1410000000000000
1.1420000000000001
1.1430000000000000
1.1440000000000001
1.1450000000000000
1.1460000000000001
1.1470000000000000
1.1480000000000001
1.1490000000000000
1.1500000000000001
1.1510000000000000
1.1520000000000001
1.1530000000000000
1.1539999999999999
1.1550000000000000
1.1559999999999999
1.1570000000000000
1.1579999999999999
1.1590000000000000
1.1599999999999999
1.1610000000000000
1.1619999999999999
1.1630000000000000
1.1639999999999999
1.1650000000000000
1.1659999999999999
1.1670000000000000
1.1679999999999999
1.1690000000000000
1.1699999999999999
1.1710000000000000
1.1719999999999999
1.1730000000000000
1.1739999999999999
1.1750000000000000
1.1759999999999999
1.1770000000000000
1.1779999999999999
1.1790000000000000
1.1799999999999999
1.1810000000000000
1.1819999999999999
1.1830000000000001
1.1839999999999999
1.1850000000000001
1.1859999999999999
1.1870000000000001
1.1879999999999999
1.1890000000000001
1.1899999999999999
1.1910000000000001
1.1919999999999999
1.1930000000000001
1.1940000000000000
1.1950000000000001
1.1960000000000000
1.1970000000000001
1.1980000000000000
1.1990000000000001
1.2000000000000000
1.2010000000000001
1.2020000000000000
1.2030000000000001
1.2040000000000000
1.2050000000000001
1.2060000000000000
1.2070000000000001
1.2080000000000000
1.2090000000000001
1.2100000000000000
1.2110000000000001
1.2120000000000000
1.2130000000000001
1.2140000000000000
1.2150000000000001
1.2160000000000000
1.2170000000000001
1.2180000000000000
1.2190000000000001
1.2200000000000000
1.2210000000000001
1.2220000000000000
1.2230000000000001
1.2240000000000000
1.2250000000000001
1.2260000000000000
1.2270000000000001
1.2280000000000000
1.2290000000000001
1.2300000000000000
1.2310000000000001
1.2320000000000000
1.2330000000000001
1.2340000000000000
1.2350000000000001
1.2360000000000000
1.2370000000000001
1.2380000000000000
1.2390000000000001
1.2400000000000000
1.2410000000000001
1.2420000000000000
1.2430000000000001
1.2440000000000000
1.2450000000000001
1.2460000000000000
1.2470000000000001
1.2480000000000000
1.2490000000000001
1.2500000000000000
1.2510000000000001
1.2520000000000000
1.2530000000000001
1.2540000000000000
1.2550000000000001
1.2560000000000000
1.2570000000000001
1.2580000000000000
1.2590000000000001
1.2600000000000000
1.2610000000000001
1.2620000000000000
1.2630000000000001
1.2640000000000000
1.2650000000000001
1.2660000000000000
1.2670000000000001
1.2680000000000000
1.2690000000000001
1.2700000000000000
1.2710000000000001
1.2720000000000000
1.2730000000000001
1.2740000000000000
1.2750000000000001
1.2760000000000000
1.2770000000000001
1.2780000000000000
1.2790000000000001
1.2800000000000000
1.2809999999999999
1.2820000000000000
1.2829999999999999
1.2840000000000000
1.2849999999999999
1.2860000000000000
1.2869999999999999
1.2880000000000000
1.2889999999999999
1.2900000000000000
1.2909999999999999
1.2920000000000000
1.2929999999999999
1.2940000000000000
1.2949999999999999
1.2960000000000000
1.2969999999999999
1.2980000000000000
1.2989999999999999
1.3000000000000000
1.3009999999999999
1.3020000000000000
1.3029999999999999
1.3040000000000000
1.3049999999999999
1.3060000000000000
1.3069999999999999
1.3080000000000001
1.3089999999999999
1.3100000000000001
1.3109999999999999
1.3120000000000001
1.3129999999999999
1.3140000000000001
1.3149999999999999
1.3160000000000001
1.3169999999999999
1.3180000000000001
1.3190000000000000
1.3200000000000001
1.3210000000000000
1.3220000000000001
1.3230000000000000
1.3240000000000001
1.3250000000000000
1.3260000000000001
1.3270000000000000
1.3280000000000001
1.3290000000000000
1.3300000000000001
1.3310000000000000
1.3320000000000001
1.3330000000000000
1.3340000000000001
1.3350000000000000
1.3360000000000001
1.3370000000000000
1.3380000000000001
1.3390000000000000
1.3400000000000001
1.3410000000000000
1.3420000000000001
1.3430000000000000
1.3440000000000001
1.3450000000000000
1.3460000000000001
1.3470000000000000
1.3480000000000001
1.3490000000000000
1.3500000000000001
1.3510000000000000
1.3520000000000001
1.3530000000000000
1.3540000000000001
1.3550000000000000
1.3560000000000001
1.3570000000000000
1.3580000000000001
1.3590000000000000
1.3600000000000001
1.3610000000000000
1.3620000000000001
1.3630000000000000
1.3640000000000001
1.3650000000000000
1.3660000000000001
1.3670000000000000
1.3680000000000001
1.3690000000000000
1.3700000000000001
1.3710000000000000
1.3720000000000001
1.3730000000000000
1.3740000000000001
1.3750000000000000
1.3760000000000001
1.3770000000000000
1.3780000000000001
1.3790000000000000
1.3800000000000001
1.3810000000000000
1.3820000000000001
1.3830000000000000
1.3840000000000001
1.3850000000000000
1.3860000000000001
1.3870000000000000
1.3880000000000001
1.3890000000000000
1.3900000000000001
1.3910000000000000
1.3920000000000001
1.3930000000000000
1.3940000000000001
1.3950000000000000
1.3960000000000001
1.3970000000000000
1.3980000000000001
1.3990000000000000
1.4000000000000001
1.4010000000000000
1.4020000000000001
1.4030000000000000
1.4040000000000001
1.4050000000000000
1.4060000000000001
1.4070000000000000
1.4079999999999999
1.4090000000000000
1.4099999999999999
1.4110000000000000
1.4119999999999999
1.4130000000000000
1.4139999999999999
1.4150000000000000
1.4159999999999999
1.4170000000000000
1.4179999999999999
1.4190000000000000
1.4199999999999999
1.4210000000000000
1.4219999999999999
1.4230000000000000
1.4239999999999999
1.4250000000000000
1.4259999999999999
1.4270000000000000
1.4279999999999999
1.4290000000000000
1.4299999999999999
1.4310000000000000
1.4319999999999999
1.4330000000000001
1.4339999999999999
1.4350000000000001
1.4359999999999999
1.4370000000000001
1.4379999999999999
1.4390000000000001
1.4399999999999999
1.4410000000000001
1.4419999999999999
1.4430000000000001
1.4440000000000000
1.4450000000000001
1.4460000000000000
1.4470000000000001
1.4480000000000000
1.4490000000000001
1.4500000000000000
1.4510000000000001
1.4520000000000000
1.4530000000000001
1.4540000000000000
1.4550000000000001
1.4560000000000000
1.4570000000000001
1.4580000000000000
1.4590000000000001
1.4600000000000000
1.4610000000000001
1.4620000000000000
1.4630000000000001
1.4640000000000000
1.4650000000000001
1.4660000000000000
1.4670000000000001
1.4680000000000000
1.4690000000000001
1.4700000000000000
1.4710000000000001
1.4720000000000000
1.4730000000000001
1.4740000000000000
1.4750000000000001
1.4760000000000000
1.4770000000000001
1.4780000000000000
1.4790000000000001
1.4800000000000000
1.4810000000000001
1.4820000000000000
1.4830000000000001
1.4840000000000000
1.4850000000000001
1.4860000000000000
1.4870000000000001
1.4880000000000000
1.4890000000000001
1.4900000000000000
1.4910000000000001
1.4920000000000000
1.4930000000000001
1.4940000000000000
1.4950000000000001
1.4960000000000000
1.4970000000000001
1.4980000000000000
1.4990000000000001
1.5000000000000000
1.5010000000000001
1.5020000000000000
1.5030000000000001
1.5040000000000000
1.5050000000000001
1.5060000000000000
1.5070000000000001
1.5080000000000000
1.5090000000000001
1.5100000000000000
1.5110000000000001
1.5120000000000000
1.5130000000000001
1.5140000000000000
1.5150000000000001
1.5160000000000000
1.5170000000000001
1.5180000000000000
1.5190000000000001
1.5200000000000000
1.5210000000000001
1.5220000000000000
1.5230000000000001
1.5240000000000000
1.5250000000000001
1.5260000000000000
1.5270000000000001
1.5280000000000000
1.5290000000000001
1.5300000000000000
1.5310000000000001
1.5320000000000000
1.5330000000000001
1.5340000000000000
1.5350000000000001
1.5360000000000000
1.5369999999999999
1.5380000000000000
1.5389999999999999
1.5400000000000000
1.5409999999999999
1.5420000000000000
1.5429999999999999
1.5440000000000000
1.5449999999999999
1.5460000000000000
1.5469999999999999
1.5480000000000000
1.5489999999999999
1.5500000000000000
1.5509999999999999
1.5520000000000000
1.5529999999999999
1.5540000000000000
1.5549999999999999
1.5560000000000000
1.5569999999999999
1.5580000000000001
1.5589999999999999
1.5600000000000001
1.5609999999999999
1.5620000000000001
1.5629999999999999
1.5640000000000001
1.5649999999999999
1.5660000000000001
1.5669999999999999
1.5680000000000001
1.5690000000000000
1.5700000000000001
1.5710000000000000
1.5720000000000001
1.5730000000000000
1.5740000000000001
1.5750000000000000
1.5760000000000001
1.5770000000000000
1.5780000000000001
1.5790000000000000
1.5800000000000001
1.5810000000000000
1.5820000000000001
1.5830000000000000
1.5840000000000001
1.5850000000000000
1.5860000000000001
1.5870000000000000
1.5880000000000001
1.5890000000000000
1.5900000000000001
1.5910000000000000
1.5920000000000001
1.5930000000000000
1.5940000000000001
1.5950000000000000
1.5960000000000001
1.5970000000000000
1.5980000000000001
1.5990000000000000
1.6000000000000001
1.6010000000000000
1.6020000000000001
1.6030000000000000
1.6040000000000001
1.6050000000000000
1.6060000000000001
1.6070000000000000
1.6080000000000001
1.6090000000000000
1.6100000000000001
1.6110000000000000
1.6120000000000001
1.6130000000000000
1.6140000000000001
1.6150000000000000
1.6160000000000001
1.6170000000000000
1.6180000000000001
1.6190000000000000
1.6200000000000001
1.6210000000000000
1.6220000000000001
1.6230000000000000
1.6240000000000001
1.6250000000000000
1.6260000000000001
1.6270000000000000
1.6280000000000001
1.6290000000000000
1.6300000000000001
1.6310000000000000
1.6320000000000001
1.6330000000000000
1.6340000000000001
1.6350000000000000
1.6360000000000001
1.6370000000000000
1.6380000000000001
1.6390000000000000
1.6400000000000001
1.6410000000000000
1.6420000000000001
1.6430000000000000
1.6440000000000001
1.6450000000000000
1.6460000000000001
1.6470000000000000
1.6480000000000001
1.6490000000000000
1.6500000000000001
1.6510000000000000
1.6520000000000001
1.6530000000000000
1.6540000000000001
1.6550000000000000
1.6560000000000001
1.6570000000000000
1.6580000000000001
1.6590000000000000
1.6600000000000001
1.6610000000000000
1.6620000000000001
1.6630000000000000
1.6640000000000001
1.6650000000000000
1.6659999999999999
1.6670000000000000
1.6679999999999999
1.6690000000000000
1.6699999999999999
1.6710000000000000
1.6719999999999999
1.6730000000000000
1.6739999999999999
1.6750000000000000
1.6759999999999999
1.6770000000000000
1.6779999999999999
1.6790000000000000
1.6799999999999999
1.6810000000000000
1.6819999999999999
1.6830000000000001
1.6839999999999999
1.6850000000000001
1.6859999999999999
1.6870000000000001
1.6879999999999999
1.6890000000000001
1.6899999999999999
1.6910000000000001
1.6919999999999999
1.6930000000000001
1.6940000000000000
1.6950000000000001
1.6960000000000000
1.6970000000000001
1.6980000000000000
1.6990000000000001
1.7000000000000000
1.7010000000000001
1.7020000000000000
1.7030000000000001
1.7040000000000000
1.7050000000000001
1.7060000000000000
1.7070000000000001
1.7080000000000000
1.7090000000000001
1.7100000000000000
1.7110000000000001
1.7120000000000000
1.7130000000000001
1.7140000000000000
1.7150000000000001
1.7160000000000000
1.7170000000000001
1.7180000000000000
1.7190000000000001
1.7200000000000000
1.7210000000000001
1.7220000000000000
1.7230000000000001
1.7240000000000000
1.7250000000000001
1.7260000000000000
1.7270000000000001
1.7280000000000000
1.7290000000000001
1.7300000000000000
1.7310000000000001
1.7320000000000000
1.7330000000000001
1.7340000000000000
1.7350000000000001
1.7360000000000000
1.7370000000000001
1.7380000000000000
1.7390000000000001
1.7400000000000000
1.7410000000000001
1.7420000000000000
1.7430000000000001
1.7440000000000000
1.7450000000000001
1.7460000000000000
1.7470000000000001
1.7480000000000000
1.7490000000000001
1.7500000000000000
1.7510000000000001
1.7520000000000000
1.7530000000000001
1.7540000000000000
1.7550000000000001
1.7560000000000000
1.7570000000000001
1.7580000000000000
1.7590000000000001
1.7600000000000000
1.7610000000000001
1.7620000000000000
1.7630000000000001
1.7640000000000000
1.7650000000000001
1.7660000000000000
1.7670000000000001
1.7680000000000000
1.7690000000000001
1.7700000000000000
1.7710000000000001
1.7720000000000000
1.7730000000000001
1.7740000000000000
1.7750000000000001
1.7760000000000000
1.7770000000000001
1.7780000000000000
1.7790000000000001
1.7800000000000000
1.7810000000000001
1.7820000000000000
1.7830000000000001
1.7840000000000000
1.7850000000000001
1.7860000000000000
1.7870000000000001
1.7880000000000000
1.7890000000000001
1.7900000000000000
1.7910000000000001
1.7920000000000000
1.7929999999999999
1.7940000000000000
1.7949999999999999
1.7960000000000000
1.7969999999999999
1.7980000000000000
1.7989999999999999
1.8000000000000000
1.8009999999999999
1.8020000000000000
1.8029999999999999
1.8040000000000000
1.8049999999999999
1.8060000000000000
1.8069999999999999
1.8080000000000001
1.8089999999999999
1.8100000000000001
1.8109999999999999
1.8120000000000001
1.8129999999999999
1.8140000000000001
1.8149999999999999
1.8160000000000001
1.8169999999999999
1.8180000000000001
1.8190000000000000
1.8200000000000001
1.8210000000000000
1.8220000000000001
1.8230000000000000
1.8240000000000001
1.8250000000000000
1.8260000000000001
1.8270000000000000
1.8280000000000001
1.8290000000000000
1.8300000000000001
1.8310000000000000
1.8320000000000001
1.8330000000000000
1.8340000000000001
1.8350000000000000
1.8360000000000001
1.8370000000000000
1.8380000000000001
1.8390000000000000
1.8400000000000001
1.8410000000000000
1.8420000000000001
1.8430000000000000
1.8440000000000001
1.8450000000000000
1.8460000000000001
1.8470000000000000
1.8480000000000001
1.8490000000000000
1.8500000000000001
1.8510000000000000
1.8520000000000001
1.8530000000000000
1.8540000000000001
1.8550000000000000
1.8560000000000001
1.8570000000000000
1.8580000000000001
1.8590000000000000
1.8600000000000001
1.8610000000000000
1.8620000000000001
1.8630000000000000
1.8640000000000001
1.8650000000000000
1.8660000000000001
1.8670000000000000
1.8680000000000001
1.8690000000000000
1.8700000000000001
1.8710000000000000
1.8720000000000001
1.8730000000000000
1.8740000000000001
1.8750000000000000
1.8760000000000001
1.8770000000000000
1.8780000000000001
1.8790000000000000
1.8800000000000001
1.8810000000000000
1.8820000000000001
1.8830000000000000
1.8840000000000001
1.8850000000000000
1.8860000000000001
1.8870000000000000
1.8880000000000001
1.8890000000000000
1.8900000000000001
1.8910000000000000
1.8920000000000001
1.8930000000000000
1.8940000000000001
1.8950000000000000
1.8960000000000001
1.8970000000000000
1.8980000000000001
1.8990000000000000
1.9000000000000001
1.9010000000000000
1.9020000000000001
1.9030000000000000
1.9040000000000001
1.9050000000000000
1.9060000000000001
1.9070000000000000
1.9080000000000001
1.9090000000000000
1.9100000000000001
1.9110000000000000
1.9120000000000001
1.9130000000000000
1.9140000000000001
1.9150000000000000
1.9160000000000001
1.9170000000000000
1.9180000000000001
1.9190000000000000
1.9199999999999999
1.9210000000000000
1.9219999999999999
1.9230000000000000
1.9239999999999999
1.9250000000000000
1.9259999999999999
1.9270000000000000
1.9279999999999999
1.9290000000000000
1.9299999999999999
1.9310000000000000
1.9319999999999999
1.9330000000000001
1.9339999999999999
1.9350000000000001
1.9359999999999999
1.9370000000000001
1.9379999999999999
1.9390000000000001
1.9399999999999999
1.9410000000000001
1.9419999999999999
1.9430000000000001
1.9440000000000000
1.9450000000000001
1.9460000000000000
1.9470000000000001
1.9480000000000000
1.9490000000000001
1.9500000000000000
1.9510000000000001
1.9520000000000000
1.9530000000000001
1.9540000000000000
1.9550000000000001
1.9560000000000000
1.9570000000000001
1.9580000000000000
1.9590000000000001
1.9600000000000000
1.9610000000000001
1.9620000000000000
1.9630000000000001
1.9640000000000000
1.9650000000000001
1.9660000000000000
1.9670000000000001
1.9680000000000000
1.9690000000000001
1.9700000000000000
1.9710000000000001
1.9720000000000000
1.9730000000000001
1.9740000000000000
1.9750000000000001
1.9760000000000000
1.9770000000000001
1.9780000000000000
1.9790000000000001
1.9800000000000000
1.9810000000000001
1.9820000000000000
1.9830000000000001
1.9840000000000000
1.9850000000000001
1.9860000000000000
1.9870000000000001
1.9880000000000000
1.9890000000000001
1.9900000000000000
1.9910000000000001
1.9920000000000000
1.9930000000000001
1.9940000000000000
1.9950000000000001
1.9960000000000000
1.9970000000000001
1.9980000000000000
1.9990000000000001
2.0000000000000000
2.0009999999999999
2.0020000000000002
2.0030000000000001
2.0040000000000000
2.0049999999999999
2.0060000000000002
2.0070000000000001
2.0080000000000000
2.0089999999999999
2.0100000000000002
2.0110000000000001
2.0120000000000000
2.0129999999999999
2.0140000000000002
2.0150000000000001
2.0160000000000000
2.0169999999999999
2.0180000000000002
2.0190000000000001
2.0200000000000000
2.0209999999999999
2.0220000000000002
2.0230000000000001
2.0240000000000000
2.0249999999999999
2.0260000000000002
2.0270000000000001
2.0280000000000000
2.0289999999999999
2.0300000000000002
2.0310000000000001
2.0320000000000000
2.0329999999999999
2.0340000000000003
2.0350000000000001
2.0360000000000000
2.0369999999999999
2.0380000000000003
2.0390000000000001
2.0400000000000000
2.0409999999999999
2.0420000000000003
2.0430000000000001
2.0440000000000000
2.0449999999999999
2.0460000000000003
2.0470000000000002
2.0480000000000000
2.0489999999999999
2.0499999999999998
2.0510000000000002
2.0520000000000000
2.0529999999999999
2.0539999999999998
2.0550000000000002
2.0560000000000000
2.0569999999999999
2.0579999999999998
2.0590000000000002
2.0600000000000001
2.0609999999999999
2.0619999999999998
2.0630000000000002
2.0640000000000001
2.0649999999999999
2.0659999999999998
2.0670000000000002
2.0680000000000001
2.0690000000000000
2.0699999999999998
2.0710000000000002
2.0720000000000001
2.0730000000000000
2.0739999999999998
2.0750000000000002
2.0760000000000001
2.0770000000000000
2.0779999999999998
2.0790000000000002
2.0800000000000001
2.0810000000000000
2.0819999999999999
2.0830000000000002
2.0840000000000001
2.0850000000000000
2.0859999999999999
2.0870000000000002
2.0880000000000001
2.0890000000000000
2.0899999999999999
2.0910000000000002
2.0920000000000001
2.0930000000000000
2.0939999999999999
2.0950000000000002
2.0960000000000001
2.0970000000000000
2.0979999999999999
2.0990000000000002
2.1000000000000001
2.1010000000000000
2.1019999999999999
2.1030000000000002
2.1040000000000001
2.1050000000000000
2.1059999999999999
2.1070000000000002
2.1080000000000001
2.1090000000000000
2.1099999999999999
2.1110000000000002
2.1120000000000001
2.1130000000000000
2.1139999999999999
2.1150000000000002
2.1160000000000001
2.1170000000000000
2.1179999999999999
2.1190000000000002
2.1200000000000001
2.1210000000000000
2.1219999999999999
2.1230000000000002
2.1240000000000001
2.1250000000000000
2.1259999999999999
2.1270000000000002
2.1280000000000001
2.1290000000000000
2.1299999999999999
2.1310000000000002
2.1320000000000001
2.1330000000000000
2.1339999999999999
2.1350000000000002
2.1360000000000001
2.1370000000000000
2.1379999999999999
2.1390000000000002
2.1400000000000001
2.1410000000000000
2.1419999999999999
2.1430000000000002
2.1440000000000001
2.1450000000000000
2.1459999999999999
2.1470000000000002
2.1480000000000001
2.1490000000000000
2.1499999999999999
2.1510000000000002
2.1520000000000001
2.1530000000000000
2.1539999999999999
2.1550000000000002
2.1560000000000001
2.1570000000000000
2.1579999999999999
2.1590000000000003
2.1600000000000001
2.1610000000000000
2.1619999999999999
2.1630000000000003
2.1640000000000001
2.1650000000000000
2.1659999999999999
2.1670000000000003
2.1680000000000001
2.1690000000000000
2.1699999999999999
2.1710000000000003
2.1720000000000002
2.1730000000000000
2.1739999999999999
2.1750000000000003
2.1760000000000002
2.1770000000000000
2.1779999999999999
2.1789999999999998
2.1800000000000002
2.1810000000000000
2.1819999999999999
2.1829999999999998
2.1840000000000002
2.1850000000000001
2.1859999999999999
2.1869999999999998
2.1880000000000002
2.1890000000000001
2.1899999999999999
2.1909999999999998
2.1920000000000002
2.1930000000000001
2.1940000000000000
2.1949999999999998
2.1960000000000002
2.1970000000000001
2.1980000000000000
2.1989999999999998
2.2000000000000002
2.2010000000000001
2.2020000000000000
2.2029999999999998
2.2040000000000002
2.2050000000000001
2.2060000000000000
2.2069999999999999
2.2080000000000002
2.2090000000000001
2.2100000000000000
2.2109999999999999
2.2120000000000002
2.2130000000000001
2.2140000000000000
2.2149999999999999
2.2160000000000002
2.2170000000000001
2.2180000000000000
2.2189999999999999
2.2200000000000002
2.2210000000000001
2.2220000000000000
2.2229999999999999
2.2240000000000002
2.2250000000000001
2.2260000000000000
2.2269999999999999
2.2280000000000002
2.2290000000000001
2.2300000000000000
2.2309999999999999
2.2320000000000002
2.2330000000000001
2.2340000000000000
2.2349999999999999
2.2360000000000002
2.2370000000000001
2.2380000000000000
2.2389999999999999
2.2400000000000002
2.2410000000000001
2.2420000000000000
2.2429999999999999
2.2440000000000002
2.2450000000000001
2.2460000000000000
2.2469999999999999
2.2480000000000002
2.2490000000000001
2.2500000000000000
2.2509999999999999
2.2520000000000002
2.2530000000000001
2.2540000000000000
2.2549999999999999
2.2560000000000002
2.2570000000000001
2.2580000000000000
2.2589999999999999
2.2600000000000002
2.2610000000000001
2.2620000000000000
2.2629999999999999
2.2640000000000002
2.2650000000000001
2.2660000000000000
2.2669999999999999
2.2680000000000002
2.2690000000000001
2.2700000000000000
2.2709999999999999
2.2720000000000002
2.2730000000000001
2.2740000000000000
2.2749999999999999
2.2760000000000002
2.2770000000000001
2.2780000000000000
2.2789999999999999
2.2800000000000002
2.2810000000000001
2.2820000000000000
2.2829999999999999
2.2840000000000003
2.2850000000000001
2.2860000000000000
2.2869999999999999
2.2880000000000003
2.2890000000000001
2.2900000000000000
2.2909999999999999
2.2920000000000003
2.2930000000000001
2.2940000000000000
2.2949999999999999
2.2960000000000003
2.2970000000000002
2.2980000000000000
2.2989999999999999
2.3000000000000003
2.3010000000000002
2.3020000000000000
2.3029999999999999
2.3040000000000003
2.3050000000000002
2.3060000000000000
2.3069999999999999
2.3079999999999998
2.3090000000000002
2.3100000000000001
2.3109999999999999
2.3119999999999998
2.3130000000000002
2.3140000000000001
2.3149999999999999
2.3159999999999998
2.3170000000000002
2.3180000000000001
2.3190000000000000
2.3199999999999998
2.3210000000000002
2.3220000000000001
2.3230000000000000
2.3239999999999998
2.3250000000000002
2.3260000000000001
2.3270000000000000
2.3279999999999998
2.3290000000000002
2.3300000000000001
2.3310000000000000
2.3319999999999999
2.3330000000000002
2.3340000000000001
2.3350000000000000
2.3359999999999999
2.3370000000000002
2.3380000000000001
2.3390000000000000
2.3399999999999999
2.3410000000000002
2.3420000000000001
2.3430000000000000
2.3439999999999999
2.3450000000000002
2.3460000000000001
2.3470000000000000
2.3479999999999999
2.3490000000000002
2.3500000000000001
2.3510000000000000
2.3519999999999999
2.3530000000000002
2.3540000000000001
2.3550000000000000
2.3559999999999999
2.3570000000000002
2.3580000000000001
2.3590000000000000
2.3599999999999999
2.3610000000000002
2.3620000000000001
2.3630000000000000
2.3639999999999999
2.3650000000000002
2.3660000000000001
2.3670000000000000
2.3679999999999999
2.3690000000000002
2.3700000000000001
2.3710000000000000
2.3719999999999999
2.3730000000000002
2.3740000000000001
2.3750000000000000
2.3759999999999999
2.3770000000000002
2.3780000000000001
2.3790000000000000
2.3799999999999999
2.3810000000000002
2.3820000000000001
2.3830000000000000
2.3839999999999999
2.3850000000000002
2.3860000000000001
2.3870000000000000
2.3879999999999999
2.3890000000000002
2.3900000000000001
2.3910000000000000
2.3919999999999999
2.3930000000000002
2.3940000000000001
2.3950000000000000
2.3959999999999999
2.3970000000000002
2.3980000000000001
2.3990000000000000
2.3999999999999999
2.4010000000000002
2.4020000000000001
2.4030000000000000
2.4039999999999999
2.4050000000000002
2.4060000000000001
2.4070000000000000
2.4079999999999999
2.4090000000000003
2.4100000000000001
2.4110000000000000
2.4119999999999999
2.4130000000000003
2.4140000000000001
2.4150000000000000
2.4159999999999999
2.4170000000000003
2.4180000000000001
2.4190000000000000
2.4199999999999999
2.4210000000000003
2.4220000000000002
2.4230000000000000
2.4239999999999999
2.4250000000000003
2.4260000000000002
2.4270000000000000
2.4279999999999999
2.4290000000000003
2.4300000000000002
2.4310000000000000
2.4319999999999999
2.4329999999999998
2.4340000000000002
2.4350000000000001
2.4359999999999999
2.4369999999999998
2.4380000000000002
2.4390000000000001
2.4399999999999999
2.4409999999999998
2.4420000000000002
2.4430000000000001
2.4440000000000000
2.4449999999999998
2.4460000000000002
2.4470000000000001
2.4480000000000000
2.4489999999999998
2.4500000000000002
2.4510000000000001
2.4520000000000000
2.4529999999999998
2.4540000000000002
2.4550000000000001
2.4560000000000000
2.4569999999999999
2.4580000000000002
2.4590000000000001
2.4600000000000000
2.4609999999999999
2.4620000000000002
2.4630000000000001
2.4640000000000000
2.4649999999999999
2.4660000000000002
2.4670000000000001
2.4680000000000000
2.4689999999999999
2.4700000000000002
2.4710000000000001
2.4720000000000000
2.4729999999999999
2.4740000000000002
2.4750000000000001
2.4760000000000000
2.4769999999999999
2.4780000000000002
2.4790000000000001
2.4800000000000000
2.4809999999999999
2.4820000000000002
2.4830000000000001
2.4840000000000000
2.4849999999999999
2.4860000000000002
2.4870000000000001
2.4880000000000000
2.4889999999999999
2.4900000000000002
2.4910000000000001
2.4920000000000000
2.4929999999999999
2.4940000000000002
2.4950000000000001
2.4960000000000000
2.4969999999999999
2.4980000000000002
2.4990000000000001
2.5000000000000000
2.5009999999999999
2.5019999999999998
2.5030000000000001
2.5040000000000000
2.5049999999999999
2.5059999999999998
2.5070000000000001
2.5080000000000000
2.5089999999999999
2.5099999999999998
2.5110000000000001
2.5120000000000000
2.5129999999999999
2.5139999999999998
2.5150000000000001
2.5160000000000000
2.5169999999999999
2.5179999999999998
2.5190000000000001
2.5200000000000000
2.5209999999999999
2.5219999999999998
2.5230000000000001
2.5240000000000000
2.5249999999999999
2.5259999999999998
2.5270000000000001
2.5280000000000000
2.5289999999999999
2.5299999999999998
2.5310000000000001
2.5320000000000000
2.5329999999999999
2.5339999999999998
2.5350000000000001
2.5360000000000000
2.5369999999999999
2.5379999999999998
2.5390000000000001
2.5400000000000000
2.5409999999999999
2.5419999999999998
2.5430000000000001
2.5440000000000000
2.5449999999999999
2.5459999999999998
2.5470000000000002
2.5480000000000000
2.5489999999999999
2.5499999999999998
2.5510000000000002
2.5520000000000000
2.5529999999999999
2.5539999999999998
2.5550000000000002
2.5560000000000000
2.5569999999999999
2.5579999999999998
2.5590000000000002
2.5600000000000001
2.5609999999999999
2.5619999999999998
2.5630000000000002
2.5640000000000001
2.5649999999999999
2.5659999999999998
2.5670000000000002
2.5680000000000001
2.5690000000000000
2.5699999999999998
2.5709999999999997
2.5720000000000001
2.5730000000000000
2.5739999999999998
2.5749999999999997
2.5760000000000001
2.5770000000000000
2.5779999999999998
2.5789999999999997
2.5800000000000001
2.5810000000000000
2.5819999999999999
2.5829999999999997
2.5840000000000001
2.5850000000000000
2.5859999999999999
2.5869999999999997
2.5880000000000001
2.5890000000000000
2.5899999999999999
2.5909999999999997
2.5920000000000001
2.5930000000000000
2.5939999999999999
2.5949999999999998
2.5960000000000001
2.5970000000000000
2.5979999999999999
2.5989999999999998
2.6000000000000001
2.6010000000000000
2.6019999999999999
2.6029999999999998
2.6040000000000001
2.6050000000000000
2.6059999999999999
2.6069999999999998
2.6080000000000001
2.6090000000000000
2.6099999999999999
2.6109999999999998
2.6120000000000001
2.6130000000000000
2.6139999999999999
2.6149999999999998
2.6160000000000001
2.6170000000000000
2.6179999999999999
2.6189999999999998
2.6200000000000001
2.6210000000000000
2.6219999999999999
2.6229999999999998
2.6240000000000001
2.6250000000000000
2.6259999999999999
2.6269999999999998
2.6280000000000001
2.6290000000000000
2.6299999999999999
2.6309999999999998
2.6320000000000001
2.6330000000000000
2.6339999999999999
2.6349999999999998
2.6360000000000001
2.6370000000000000
2.6379999999999999
2.6389999999999998
2.6400000000000001
2.6410000000000000
2.6419999999999999
2.6429999999999998
2.6440000000000001
2.6450000000000000
2.6459999999999999
2.6469999999999998
2.6480000000000001
2.6490000000000000
2.6499999999999999
2.6509999999999998
2.6520000000000001
2.6530000000000000
2.6539999999999999
2.6549999999999998
2.6560000000000001
2.6570000000000000
2.6579999999999999
2.6589999999999998
2.6600000000000001
2.6610000000000000
2.6619999999999999
2.6629999999999998
2.6640000000000001
2.6650000000000000
2.6659999999999999
2.6669999999999998
2.6680000000000001
2.6690000000000000
2.6699999999999999
2.6709999999999998
2.6720000000000002
2.6730000000000000
2.6739999999999999
2.6749999999999998
2.6760000000000002
2.6770000000000000
2.6779999999999999
2.6789999999999998
2.6800000000000002
2.6810000000000000
2.6819999999999999
2.6829999999999998
2.6840000000000002
2.6850000000000001
2.6859999999999999
2.6869999999999998
2.6880000000000002
2.6890000000000001
2.6899999999999999
2.6909999999999998
2.6920000000000002
2.6930000000000001
2.6940000000000000
2.6949999999999998
2.6959999999999997
2.6970000000000001
2.6980000000000000
2.6989999999999998
2.6999999999999997
2.7010000000000001
2.7020000000000000
2.7029999999999998
2.7039999999999997
2.7050000000000001
2.7060000000000000
2.7069999999999999
2.7079999999999997
2.7090000000000001
2.7100000000000000
2.7109999999999999
2.7119999999999997
2.7130000000000001
2.7140000000000000
2.7149999999999999
2.7159999999999997
2.7170000000000001
2.7180000000000000
2.7189999999999999
2.7199999999999998
2.7210000000000001
2.7220000000000000
2.7229999999999999
2.7239999999999998
2.7250000000000001
2.7260000000000000
2.7269999999999999
2.7279999999999998
2.7290000000000001
2.7300000000000000
2.7309999999999999
2.7319999999999998
2.7330000000000001
2.7340000000000000
2.7349999999999999
2.7359999999999998
2.7370000000000001
2.7380000000000000
2.7389999999999999
2.7399999999999998
2.7410000000000001
2.7420000000000000
2.7429999999999999
2.7439999999999998
2.7450000000000001
2.7460000000000000
2.7469999999999999
2.7479999999999998
2.7490000000000001
2.7500000000000000
2.7509999999999999
2.7519999999999998
2.7530000000000001
2.7540000000000000
2.7549999999999999
2.7559999999999998
2.7570000000000001
2.7580000000000000
2.7589999999999999
2.7599999999999998
2.7610000000000001
2.7620000000000000
2.7629999999999999
2.7639999999999998
2.7650000000000001
2.7660000000000000
2.7669999999999999
2.7679999999999998
2.7690000000000001
2.7700000000000000
2.7709999999999999
2.7719999999999998
2.7730000000000001
2.7740000000000000
2.7749999999999999
2.7759999999999998
2.7770000000000001
2.7780000000000000
2.7789999999999999
2.7799999999999998
2.7810000000000001
2.7820000000000000
2.7829999999999999
2.7839999999999998
2.7850000000000001
2.7860000000000000
2.7869999999999999
2.7879999999999998
2.7890000000000001
2.7900000000000000
2.7909999999999999
2.7919999999999998
2.7930000000000001
2.7940000000000000
2.7949999999999999
2.7959999999999998
2.7970000000000002
2.7980000000000000
2.7989999999999999
2.7999999999999998
2.8010000000000002
2.8020000000000000
2.8029999999999999
2.8039999999999998
2.8050000000000002
2.8060000000000000
2.8069999999999999
2.8079999999999998
2.8090000000000002
2.8100000000000001
2.8109999999999999
2.8119999999999998
2.8130000000000002
2.8140000000000001
2.8149999999999999
2.8159999999999998
2.8170000000000002
2.8180000000000001
2.8190000000000000
2.8199999999999998
2.8210000000000002
2.8220000000000001
2.8230000000000000
2.8239999999999998
2.8249999999999997
2.8260000000000001
2.8270000000000000
2.8279999999999998
2.8289999999999997
2.8300000000000001
2.8310000000000000
2.8319999999999999
2.8329999999999997
2.8340000000000001
2.8350000000000000
2.8359999999999999
2.8369999999999997
2.8380000000000001
2.8390000000000000
2.8399999999999999
2.8409999999999997
2.8420000000000001
2.8430000000000000
2.8439999999999999
2.8449999999999998
2.8460000000000001
2.8470000000000000
2.8479999999999999
2.8489999999999998
2.8500000000000001
2.8510000000000000
2.8519999999999999
2.8529999999999998
2.8540000000000001
2.8550000000000000
2.8559999999999999
2.8569999999999998
2.8580000000000001
2.8590000000000000
2.8599999999999999
2.8609999999999998
2.8620000000000001
2.8630000000000000
2.8639999999999999
2.8649999999999998
2.8660000000000001
2.8670000000000000
2.8679999999999999
2.8689999999999998
2.8700000000000001
2.8710000000000000
2.8719999999999999
2.8729999999999998
2.8740000000000001
2.8750000000000000
2.8759999999999999
2.8769999999999998
2.8780000000000001
2.8790000000000000
2.8799999999999999
2.8809999999999998
2.8820000000000001
2.8830000000000000
2.8839999999999999
2.8849999999999998
2.8860000000000001
2.8870000000000000
2.8879999999999999
2.8889999999999998
2.8900000000000001
2.8910000000000000
2.8919999999999999
2.8929999999999998
2.8940000000000001
2.8950000000000000
2.8959999999999999
2.8969999999999998
2.8980000000000001
2.8990000000000000
2.8999999999999999
2.9009999999999998
2.9020000000000001
2.9030000000000000
2.9039999999999999
2.9049999999999998
2.9060000000000001
2.9070000000000000
2.9079999999999999
2.9089999999999998
2.9100000000000001
2.9110000000000000
2.9119999999999999
2.9129999999999998
2.9140000000000001
2.9150000000000000
2.9159999999999999
2.9169999999999998
2.9180000000000001
2.9190000000000000
2.9199999999999999
2.9209999999999998
2.9220000000000002
2.9230000000000000
2.9239999999999999
2.9249999999999998
2.9260000000000002
2.9270000000000000
2.9279999999999999
2.9289999999999998
2.9300000000000002
2.9310000000000000
2.9319999999999999
2.9329999999999998
2.9340000000000002
2.9350000000000001
2.9359999999999999
2.9369999999999998
2.9380000000000002
2.9390000000000001
2.9399999999999999
2.9409999999999998
2.9420000000000002
2.9430000000000001
2.9440000000000000
2.9449999999999998
2.9460000000000002
2.9470000000000001
2.9480000000000000
2.9489999999999998
2.9500000000000002
2.9510000000000001
2.9520000000000000
2.9529999999999998
2.9539999999999997
2.9550000000000001
2.9560000000000000
2.9569999999999999
2.9579999999999997
2.9590000000000001
2.9600000000000000
2.9609999999999999
2.9619999999999997
2.9630000000000001
2.9640000000000000
2.9649999999999999
2.9659999999999997
2.9670000000000001
2.9680000000000000
2.9689999999999999
2.9699999999999998
2.9710000000000001
2.9720000000000000
2.9729999999999999
2.9739999999999998
2.9750000000000001
2.9760000000000000
2.9769999999999999
2.9779999999999998
2.9790000000000001
2.9800000000000000
2.9809999999999999
2.9819999999999998
2.9830000000000001
2.9840000000000000
2.9849999999999999
2.9859999999999998
2.9870000000000001
2.9880000000000000
2.9889999999999999
2.9899999999999998
2.9910000000000001
2.9920000000000000
2.9929999999999999
2.9939999999999998
2.9950000000000001
2.9960000000000000
2.9969999999999999
2.9979999999999998
2.9990000000000001
3.0000000000000000
3.0009999999999999
3.0019999999999998
3.0030000000000001
3.0040000000000000
3.0049999999999999
3.0060000000000002
3.0069999999999997
3.0080000000000000
3.0089999999999999
3.0099999999999998
3.0110000000000001
3.0120000000000000
3.0129999999999999
3.0140000000000002
3.0149999999999997
3.0160000000000000
3.0169999999999999
3.0179999999999998
3.0190000000000001
3.0200000000000000
3.0209999999999999
3.0220000000000002
3.0229999999999997
3.0240000000000000
3.0249999999999999
3.0259999999999998
3.0270000000000001
3.0280000000000000
3.0289999999999999
3.0300000000000002
3.0309999999999997
3.0320000000000000
3.0329999999999999
3.0339999999999998
3.0350000000000001
3.0360000000000000
3.0369999999999999
3.0380000000000003
3.0389999999999997
3.0400000000000000
3.0409999999999999
3.0419999999999998
3.0430000000000001
3.0440000000000000
3.0449999999999999
3.0460000000000003
3.0469999999999997
3.0480000000000000
3.0489999999999999
3.0499999999999998
3.0510000000000002
3.0520000000000000
3.0529999999999999
3.0540000000000003
3.0549999999999997
3.0560000000000000
3.0569999999999999
3.0579999999999998
3.0590000000000002
3.0600000000000001
3.0609999999999999
3.0620000000000003
3.0629999999999997
3.0640000000000001
3.0649999999999999
3.0659999999999998
3.0670000000000002
3.0680000000000001
3.0690000000000000
3.0700000000000003
3.0709999999999997
3.0720000000000001
3.0730000000000000
3.0739999999999998
3.0750000000000002
3.0760000000000001
3.0770000000000000
3.0780000000000003
3.0789999999999997
3.0800000000000001
3.0810000000000000
3.0819999999999999
3.0830000000000002
3.0839999999999996
3.0850000000000000
3.0859999999999999
3.0869999999999997
3.0880000000000001
3.0890000000000000
3.0899999999999999
3.0910000000000002
3.0919999999999996
3.0930000000000000
3.0939999999999999
3.0949999999999998
3.0960000000000001
3.0970000000000000
3.0979999999999999
3.0990000000000002
3.0999999999999996
3.1010000000000000
3.1019999999999999
3.1029999999999998
3.1040000000000001
3.1050000000000000
3.1059999999999999
3.1070000000000002
3.1079999999999997
3.1090000000000000
3.1099999999999999
3.1109999999999998
3.1120000000000001
3.1130000000000000
3.1139999999999999
3.1150000000000002
3.1159999999999997
3.1170000000000000
3.1179999999999999
3.1189999999999998
3.1200000000000001
3.1210000000000000
3.1219999999999999
3.1230000000000002
3.1239999999999997
3.1250000000000000
3.1259999999999999
3.1269999999999998
3.1280000000000001
3.1290000000000000
3.1299999999999999
3.1310000000000002
3.1319999999999997
3.1330000000000000
3.1339999999999999
3.1349999999999998
3.1360000000000001
3.1370000000000000
3.1379999999999999
3.1390000000000002
3.1399999999999997
3.1410000000000000
3.1419999999999999
3.1429999999999998
3.1440000000000001
3.1450000000000000
3.1459999999999999
3.1470000000000002
3.1479999999999997
3.1490000000000000
3.1499999999999999
3.1509999999999998
3.1520000000000001
3.1530000000000000
3.1539999999999999
3.1550000000000002
3.1559999999999997
3.1570000000000000
3.1579999999999999
3.1589999999999998
3.1600000000000001
3.1610000000000000
3.1619999999999999
3.1630000000000003
3.1639999999999997
3.1650000000000000
3.1659999999999999
3.1669999999999998
3.1680000000000001
3.1690000000000000
3.1699999999999999
3.1710000000000003
3.1719999999999997
3.1730000000000000
3.1739999999999999
3.1749999999999998
3.1760000000000002
3.1770000000000000
3.1779999999999999
3.1790000000000003
3.1799999999999997
3.1810000000000000
3.1819999999999999
3.1829999999999998
3.1840000000000002
3.1850000000000001
3.1859999999999999
3.1870000000000003
3.1879999999999997
3.1890000000000001
3.1899999999999999
3.1909999999999998
3.1920000000000002
3.1930000000000001
3.1940000000000000
3.1950000000000003
3.1959999999999997
3.1970000000000001
3.1980000000000000
3.1989999999999998
3.2000000000000002
3.2010000000000001
3.2020000000000000
3.2030000000000003
3.2039999999999997
3.2050000000000001
3.2060000000000000
3.2069999999999999
3.2080000000000002
3.2089999999999996
3.2100000000000000
3.2109999999999999
3.2119999999999997
3.2130000000000001
3.2140000000000000
3.2149999999999999
3.2160000000000002
3.2169999999999996
3.2180000000000000
3.2189999999999999
3.2199999999999998
3.2210000000000001
3.2220000000000000
3.2229999999999999
3.2240000000000002
3.2249999999999996
3.2260000000000000
3.2269999999999999
3.2279999999999998
3.2290000000000001
3.2300000000000000
3.2309999999999999
3.2320000000000002
3.2329999999999997
3.2340000000000000
3.2349999999999999
3.2359999999999998
3.2370000000000001
3.2380000000000000
3.2389999999999999
3.2400000000000002
3.2409999999999997
3.2420000000000000
3.2429999999999999
3.2439999999999998
3.2450000000000001
3.2460000000000000
3.2469999999999999
3.2480000000000002
3.2489999999999997
3.2500000000000000
3.2509999999999999
3.2519999999999998
3.2530000000000001
3.2540000000000000
3.2549999999999999
3.2560000000000002
3.2569999999999997
3.2580000000000000
3.2589999999999999
3.2599999999999998
3.2610000000000001
3.2620000000000000
3.2629999999999999
3.2640000000000002
3.2649999999999997
3.2660000000000000
3.2669999999999999
3.2679999999999998
3.2690000000000001
3.2700000000000000
3.2709999999999999
3.2720000000000002
3.2729999999999997
3.2740000000000000
3.2749999999999999
3.2759999999999998
3.2770000000000001
3.2780000000000000
3.2789999999999999
3.2800000000000002
3.2809999999999997
3.2820000000000000
3.2829999999999999
3.2839999999999998
3.2850000000000001
3.2860000000000000
3.2869999999999999
3.2880000000000003
3.2889999999999997
3.2900000000000000
3.2909999999999999
3.2919999999999998
3.2930000000000001
3.2940000000000000
3.2949999999999999
3.2960000000000003
3.2969999999999997
3.2980000000000000
3.2989999999999999
3.2999999999999998
3.3010000000000002
3.3020000000000000
3.3029999999999999
3.3040000000000003
3.3049999999999997
3.3060000000000000
3.3069999999999999
3.3079999999999998
3.3090000000000002
3.3100000000000001
3.3109999999999999
3.3120000000000003
3.3129999999999997
3.3140000000000001
3.3149999999999999
3.3159999999999998
3.3170000000000002
3.3180000000000001
3.3190000000000000
3.3200000000000003
3.3209999999999997
3.3220000000000001
3.3230000000000000
3.3239999999999998
3.3250000000000002
3.3260000000000001
3.3270000000000000
3.3280000000000003
3.3289999999999997
3.3300000000000001
3.3310000000000000
3.3319999999999999
3.3330000000000002
3.3340000000000001
3.3350000000000000
3.3359999999999999
3.3369999999999997
3.3380000000000001
3.3390000000000000
3.3399999999999999
3.3410000000000002
3.3419999999999996
3.3430000000000000
3.3439999999999999
3.3449999999999998
3.3460000000000001
3.3470000000000000
3.3479999999999999
3.3490000000000002
3.3499999999999996
3.3510000000000000
3.3519999999999999
3.3529999999999998
3.3540000000000001
3.3550000000000000
3.3559999999999999
3.3570000000000002
3.3579999999999997
3.3590000000000000
3.3599999999999999
3.3609999999999998
3.3620000000000001
3.3630000000000000
3.3639999999999999
3.3650000000000002
3.3659999999999997
3.3670000000000000
3.3679999999999999
3.3689999999999998
3.3700000000000001
3.3710000000000000
3.3719999999999999
3.3730000000000002
3.3739999999999997
3.3750000000000000
3.3759999999999999
3.3769999999999998
3.3780000000000001
3.3790000000000000
3.3799999999999999
3.3810000000000002
3.3819999999999997
3.3830000000000000
3.3839999999999999
3.3849999999999998
3.3860000000000001
3.3870000000000000
3.3879999999999999
3.3890000000000002
3.3899999999999997
3.3910000000000000
3.3919999999999999
3.3929999999999998
3.3940000000000001
3.3950000000000000
3.3959999999999999
3.3970000000000002
3.3979999999999997
3.3990000000000000
3.3999999999999999
3.4009999999999998
3.4020000000000001
3.4030000000000000
3.4039999999999999
3.4050000000000002
3.4059999999999997
3.4070000000000000
3.4079999999999999
3.4089999999999998
3.4100000000000001
3.4110000000000000
3.4119999999999999
3.4130000000000003
3.4139999999999997
3.4150000000000000
3.4159999999999999
3.4169999999999998
3.4180000000000001
3.4190000000000000
3.4199999999999999
3.4210000000000003
3.4219999999999997
3.4230000000000000
3.4239999999999999
3.4249999999999998
3.4260000000000002
3.4270000000000000
3.4279999999999999
3.4290000000000003
3.4299999999999997
3.4310000000000000
3.4319999999999999
3.4329999999999998
3.4340000000000002
3.4350000000000001
3.4359999999999999
3.4370000000000003
3.4379999999999997
3.4390000000000001
3.4399999999999999
3.4409999999999998
3.4420000000000002
3.4430000000000001
3.4440000000000000
3.4450000000000003
3.4459999999999997
3.4470000000000001
3.4480000000000000
3.4489999999999998
3.4500000000000002
3.4510000000000001
3.4520000000000000
3.4530000000000003
3.4539999999999997
3.4550000000000001
3.4560000000000000
3.4569999999999999
3.4580000000000002
3.4590000000000001
3.4600000000000000
3.4610000000000003
3.4619999999999997
3.4630000000000001
3.4640000000000000
3.4649999999999999
3.4660000000000002
3.4669999999999996
3.4680000000000000
3.4689999999999999
3.4699999999999998
3.4710000000000001
3.4720000000000000
3.4729999999999999
3.4740000000000002
3.4749999999999996
3.4760000000000000
3.4769999999999999
3.4779999999999998
3.4790000000000001
3.4800000000000000
3.4809999999999999
3.4820000000000002
3.4829999999999997
3.4840000000000000
3.4849999999999999
3.4859999999999998
3.4870000000000001
3.4880000000000000
3.4889999999999999
3.4900000000000002
3.4909999999999997
3.4920000000000000
3.4929999999999999
3.4939999999999998
3.4950000000000001
3.4960000000000000
3.4969999999999999
3.4980000000000002
3.4989999999999997
3.5000000000000000
3.5009999999999999
3.5019999999999998
3.5030000000000001
3.5040000000000000
3.5049999999999999
3.5060000000000002
3.5069999999999997
3.5080000000000000
3.5089999999999999
3.5099999999999998
3.5110000000000001
3.5120000000000000
3.5129999999999999
3.5140000000000002
3.5149999999999997
3.5160000000000000
3.5169999999999999
3.5179999999999998
3.5190000000000001
3.5200000000000000
3.5209999999999999
3.5220000000000002
3.5229999999999997
3.5240000000000000
3.5249999999999999
3.5259999999999998
3.5270000000000001
3.5280000000000000
3.5289999999999999
3.5300000000000002
3.5309999999999997
3.5320000000000000
3.5329999999999999
3.5339999999999998
3.5350000000000001
3.5360000000000000
3.5369999999999999
3.5380000000000003
3.5389999999999997
3.5400000000000000
3.5409999999999999
3.5419999999999998
3.5430000000000001
3.5440000000000000
3.5449999999999999
3.5460000000000003
3.5469999999999997
3.5480000000000000
3.5489999999999999
3.5499999999999998
3.5510000000000002
3.5520000000000000
3.5529999999999999
3.5540000000000003
3.5549999999999997
3.5560000000000000
3.5569999999999999
3.5579999999999998
3.5590000000000002
3.5600000000000001
3.5609999999999999
3.5620000000000003
3.5629999999999997
3.5640000000000001
3.5649999999999999
3.5659999999999998
3.5670000000000002
3.5680000000000001
3.5690000000000000
3.5700000000000003
3.5709999999999997
3.5720000000000001
3.5730000000000000
3.5739999999999998
3.5750000000000002
3.5760000000000001
3.5770000000000000
3.5780000000000003
3.5789999999999997
3.5800000000000001
3.5810000000000000
3.5819999999999999
3.5830000000000002
3.5840000000000001
3.5850000000000000
3.5860000000000003
3.5869999999999997
3.5880000000000001
3.5890000000000000
3.5899999999999999
3.5910000000000002
3.5920000000000001
3.5930000000000000
3.5939999999999999
3.5949999999999998
3.5960000000000001
3.5970000000000000
3.5979999999999999
3.5990000000000002
3.5999999999999996
3.6010000000000000
3.6019999999999999
3.6029999999999998
3.6040000000000001
3.6050000000000000
3.6059999999999999
3.6070000000000002
3.6079999999999997
3.6090000000000000
3.6099999999999999
3.6109999999999998
3.6120000000000001
3.6130000000000000
3.6139999999999999
3.6150000000000002
3.6159999999999997
3.6170000000000000
3.6179999999999999
3.6189999999999998
3.6200000000000001
3.6210000000000000
3.6219999999999999
3.6230000000000002
3.6239999999999997
3.6250000000000000
3.6259999999999999
3.6269999999999998
3.6280000000000001
3.6290000000000000
3.6299999999999999
3.6310000000000002
3.6319999999999997
3.6330000000000000
3.6339999999999999
3.6349999999999998
3.6360000000000001
3.6370000000000000
3.6379999999999999
3.6390000000000002
3.6399999999999997
3.6410000000000000
3.6419999999999999
3.6429999999999998
3.6440000000000001
3.6450000000000000
3.6459999999999999
3.6470000000000002
3.6479999999999997
3.6490000000000000
3.6499999999999999
3.6509999999999998
3.6520000000000001
3.6530000000000000
3.6539999999999999
3.6550000000000002
3.6559999999999997
3.6570000000000000
3.6579999999999999
3.6589999999999998
3.6600000000000001
3.6610000000000000
3.6619999999999999
3.6630000000000003
3.6639999999999997
3.6650000000000000
3.6659999999999999
3.6669999999999998
3.6680000000000001
3.6690000000000000
3.6699999999999999
3.6710000000000003
3.6719999999999997
3.6730000000000000
3.6739999999999999
3.6749999999999998
3.6760000000000002
3.6770000000000000
3.6779999999999999
3.6790000000000003
3.6799999999999997
3.6810000000000000
3.6819999999999999
3.6829999999999998
3.6840000000000002
3.6850000000000001
3.6859999999999999
3.6870000000000003
3.6879999999999997
3.6890000000000001
3.6899999999999999
3.6909999999999998
3.6920000000000002
3.6930000000000001
3.6940000000000000
3.6950000000000003
3.6959999999999997
3.6970000000000001
3.6980000000000000
3.6989999999999998
3.7000000000000002
3.7010000000000001
3.7020000000000000
3.7030000000000003
3.7039999999999997
3.7050000000000001
3.7060000000000000
3.7069999999999999
3.7080000000000002
3.7090000000000001
3.7100000000000000
3.7110000000000003
3.7119999999999997
3.7130000000000001
3.7140000000000000
3.7149999999999999
3.7160000000000002
3.7170000000000001
3.7180000000000000
3.7190000000000003
3.7199999999999998
3.7210000000000001
3.7220000000000000
3.7229999999999999
3.7240000000000002
3.7249999999999996
3.7260000000000000
3.7269999999999999
3.7279999999999998
3.7290000000000001
3.7300000000000000
3.7309999999999999
3.7320000000000002
3.7329999999999997
3.7340000000000000
3.7349999999999999
3.7359999999999998
3.7370000000000001
3.7380000000000000
3.7389999999999999
3.7400000000000002
3.7409999999999997
3.7420000000000000
3.7429999999999999
3.7439999999999998
3.7450000000000001
3.7460000000000000
3.7469999999999999
3.7480000000000002
3.7489999999999997
3.7500000000000000
3.7509999999999999
3.7519999999999998
3.7530000000000001
3.7540000000000000
3.7549999999999999
3.7560000000000002
3.7569999999999997
3.7580000000000000
3.7589999999999999
3.7599999999999998
3.7610000000000001
3.7620000000000000
3.7629999999999999
3.7640000000000002
3.7649999999999997
3.7660000000000000
3.7669999999999999
3.7679999999999998
3.7690000000000001
3.7700000000000000
3.7709999999999999
3.7720000000000002
3.7729999999999997
3.7740000000000000
3.7749999999999999
3.7759999999999998
3.7770000000000001
3.7780000000000000
3.7789999999999999
3.7800000000000002
3.7809999999999997
3.7820000000000000
3.7829999999999999
3.7839999999999998
3.7850000000000001
3.7860000000000000
3.7869999999999999
3.7880000000000003
3.7889999999999997
3.7900000000000000
3.7909999999999999
3.7919999999999998
3.7930000000000001
3.7940000000000000
3.7949999999999999
3.7960000000000003
3.7969999999999997
3.7980000000000000
3.7989999999999999
3.7999999999999998
3.8010000000000002
3.8020000000000000
3.8029999999999999
3.8040000000000003
3.8049999999999997
3.8060000000000000
3.8069999999999999
3.8079999999999998
3.8090000000000002
3.8100000000000001
3.8109999999999999
3.8120000000000003
3.8129999999999997
3.8140000000000001
3.8149999999999999
3.8159999999999998
3.8170000000000002
3.8180000000000001
3.8190000000000000
3.8200000000000003
3.8209999999999997
3.8220000000000001
3.8230000000000000
3.8239999999999998
3.8250000000000002
3.8260000000000001
3.8270000000000000
3.8280000000000003
3.8289999999999997
3.8300000000000001
3.8310000000000000
3.8319999999999999
3.8330000000000002
3.8340000000000001
3.8350000000000000
3.8360000000000003
3.8369999999999997
3.8380000000000001
3.8390000000000000
3.8399999999999999
3.8410000000000002
3.8420000000000001
3.8430000000000000
3.8440000000000003
3.8449999999999998
3.8460000000000001
3.8470000000000000
3.8479999999999999
3.8490000000000002
3.8499999999999996
3.8510000000000000
3.8519999999999999
3.8529999999999998
3.8540000000000001
3.8550000000000000
3.8559999999999999
3.8570000000000002
3.8579999999999997
3.8590000000000000
3.8599999999999999
3.8609999999999998
3.8620000000000001
3.8630000000000000
3.8639999999999999
3.8650000000000002
3.8659999999999997
3.8670000000000000
3.8679999999999999
3.8689999999999998
3.8700000000000001
3.8710000000000000
3.8719999999999999
3.8730000000000002
3.8739999999999997
3.8750000000000000
3.8759999999999999
3.8769999999999998
3.8780000000000001
3.8790000000000000
3.8799999999999999
3.8810000000000002
3.8819999999999997
3.8830000000000000
3.8839999999999999
3.8849999999999998
3.8860000000000001
3.8870000000000000
3.8879999999999999
3.8890000000000002
3.8899999999999997
3.8910000000000000
3.8919999999999999
3.8929999999999998
3.8940000000000001
3.8950000000000000
3.8959999999999999
3.8970000000000002
3.8979999999999997
3.8990000000000000
3.8999999999999999
3.9009999999999998
3.9020000000000001
3.9030000000000000
3.9039999999999999
3.9050000000000002
3.9059999999999997
3.9070000000000000
3.9079999999999999
3.9089999999999998
3.9100000000000001
3.9110000000000000
3.9119999999999999
3.9130000000000003
3.9139999999999997
3.9150000000000000
3.9159999999999999
3.9169999999999998
3.9180000000000001
3.9190000000000000
3.9199999999999999
3.9210000000000003
3.9219999999999997
3.9230000000000000
3.9239999999999999
3.9249999999999998
3.9260000000000002
3.9270000000000000
3.9279999999999999
3.9290000000000003
3.9299999999999997
3.9310000000000000
3.9319999999999999
3.9329999999999998
3.9340000000000002
3.9350000000000001
3.9359999999999999
3.9370000000000003
3.9379999999999997
3.9390000000000001
3.9399999999999999
3.9409999999999998
3.9420000000000002
3.9430000000000001
3.9440000000000000
3.9450000000000003
3.9459999999999997
3.9470000000000001
3.9480000000000000
3.9489999999999998
3.9500000000000002
3.9510000000000001
3.9520000000000000
3.9530000000000003
3.9539999999999997
3.9550000000000001
3.9560000000000000
3.9569999999999999
3.9580000000000002
3.9590000000000001
3.9600000000000000
3.9610000000000003
3.9619999999999997
3.9630000000000001
3.9640000000000000
3.9649999999999999
3.9660000000000002
3.9670000000000001
3.9680000000000000
3.9690000000000003
3.9699999999999998
3.9710000000000001
3.9720000000000000
3.9729999999999999
3.9740000000000002
3.9750000000000001
3.9760000000000000
3.9769999999999999
3.9779999999999998
3.9790000000000001
3.9800000000000000
3.9809999999999999
3.9820000000000002
3.9829999999999997
3.9840000000000000
3.9849999999999999
3.9859999999999998
3.9870000000000001
3.9880000000000000
3.9889999999999999
3.9900000000000002
3.9909999999999997
3.9920000000000000
3.9929999999999999
3.9939999999999998
3.9950000000000001
3.9960000000000000
3.9969999999999999
3.9980000000000002
3.9989999999999997
4.0000000000000000
4.0010000000000003
4.0019999999999998
4.0030000000000001
4.0039999999999996
4.0049999999999999
4.0060000000000002
4.0069999999999997
4.0080000000000000
4.0090000000000003
4.0099999999999998
4.0110000000000001
4.0120000000000005
4.0129999999999999
4.0140000000000002
4.0149999999999997
4.0160000000000000
4.0170000000000003
4.0179999999999998
4.0190000000000001
4.0199999999999996
4.0209999999999999
4.0220000000000002
4.0229999999999997
4.0240000000000000
4.0250000000000004
4.0259999999999998
4.0270000000000001
4.0280000000000005
4.0289999999999999
4.0300000000000002
4.0309999999999997
4.0320000000000000
4.0330000000000004
4.0339999999999998
4.0350000000000001
4.0359999999999996
4.0369999999999999
4.0380000000000003
4.0389999999999997
4.0400000000000000
4.0410000000000004
4.0419999999999998
4.0430000000000001
4.0439999999999996
4.0449999999999999
4.0460000000000003
4.0469999999999997
4.0480000000000000
4.0489999999999995
4.0499999999999998
4.0510000000000002
4.0519999999999996
4.0529999999999999
4.0540000000000003
4.0549999999999997
4.0560000000000000
4.0570000000000004
4.0579999999999998
4.0590000000000002
4.0599999999999996
4.0609999999999999
4.0620000000000003
4.0629999999999997
4.0640000000000001
4.0649999999999995
4.0659999999999998
4.0670000000000002
4.0679999999999996
4.0690000000000000
4.0700000000000003
4.0709999999999997
4.0720000000000001
4.0730000000000004
4.0739999999999998
4.0750000000000002
4.0759999999999996
4.0770000000000000
4.0780000000000003
4.0789999999999997
4.0800000000000001
4.0809999999999995
4.0819999999999999
4.0830000000000002
4.0839999999999996
4.0850000000000000
4.0860000000000003
4.0869999999999997
4.0880000000000001
4.0890000000000004
4.0899999999999999
4.0910000000000002
4.0919999999999996
4.0930000000000000
4.0940000000000003
4.0949999999999998
4.0960000000000001
4.0969999999999995
4.0979999999999999
4.0990000000000002
4.0999999999999996
4.1010000000000000
4.1020000000000003
4.1029999999999998
4.1040000000000001
4.1050000000000004
4.1059999999999999
4.1070000000000002
4.1079999999999997
4.1090000000000000
4.1100000000000003
4.1109999999999998
4.1120000000000001
4.1129999999999995
4.1139999999999999
4.1150000000000002
4.1159999999999997
4.1170000000000000
4.1180000000000003
4.1189999999999998
4.1200000000000001
4.1210000000000004
4.1219999999999999
4.1230000000000002
4.1239999999999997
4.1250000000000000
4.1260000000000003
4.1269999999999998
4.1280000000000001
4.1289999999999996
4.1299999999999999
4.1310000000000002
4.1319999999999997
4.1330000000000000
4.1340000000000003
4.1349999999999998
4.1360000000000001
4.1370000000000005
4.1379999999999999
4.1390000000000002
4.1399999999999997
4.1410000000000000
4.1420000000000003
4.1429999999999998
4.1440000000000001
4.1449999999999996
4.1459999999999999
4.1470000000000002
4.1479999999999997
4.1490000000000000
4.1500000000000004
4.1509999999999998
4.1520000000000001
4.1530000000000005
4.1539999999999999
4.1550000000000002
4.1559999999999997
4.1570000000000000
4.1580000000000004
4.1589999999999998
4.1600000000000001
4.1609999999999996
4.1619999999999999
4.1630000000000003
4.1639999999999997
4.1650000000000000
4.1660000000000004
4.1669999999999998
4.1680000000000001
4.1689999999999996
4.1699999999999999
4.1710000000000003
4.1719999999999997
4.1730000000000000
4.1739999999999995
4.1749999999999998
4.1760000000000002
4.1769999999999996
4.1779999999999999
4.1790000000000003
4.1799999999999997
4.1810000000000000
4.1820000000000004
4.1829999999999998
4.1840000000000002
4.1849999999999996
4.1859999999999999
4.1870000000000003
4.1879999999999997
4.1890000000000001
4.1899999999999995
4.1909999999999998
4.1920000000000002
4.1929999999999996
4.1940000000000000
4.1950000000000003
4.1959999999999997
4.1970000000000001
4.1980000000000004
4.1989999999999998
4.2000000000000002
4.2009999999999996
4.2020000000000000
4.2030000000000003
4.2039999999999997
4.2050000000000001
4.2059999999999995
4.2069999999999999
4.2080000000000002
4.2089999999999996
4.2100000000000000
4.2110000000000003
4.2119999999999997
4.2130000000000001
4.2140000000000004
4.2149999999999999
4.2160000000000002
4.2169999999999996
4.2180000000000000
4.2190000000000003
4.2199999999999998
4.2210000000000001
4.2219999999999995
4.2229999999999999
4.2240000000000002
4.2249999999999996
4.2260000000000000
4.2270000000000003
4.2279999999999998
4.2290000000000001
4.2300000000000004
4.2309999999999999
4.2320000000000002
4.2329999999999997
4.2340000000000000
4.2350000000000003
4.2359999999999998
4.2370000000000001
4.2379999999999995
4.2389999999999999
4.2400000000000002
4.2409999999999997
4.2420000000000000
4.2430000000000003
4.2439999999999998
4.2450000000000001
4.2460000000000004
4.2469999999999999
4.2480000000000002
4.2489999999999997
4.2500000000000000
4.2510000000000003
4.2519999999999998
4.2530000000000001
4.2539999999999996
4.2549999999999999
4.2560000000000002
4.2569999999999997
4.2580000000000000
4.2590000000000003
4.2599999999999998
4.2610000000000001
4.2620000000000005
4.2629999999999999
4.2640000000000002
4.2649999999999997
4.2660000000000000
4.2670000000000003
4.2679999999999998
4.2690000000000001
4.2699999999999996
4.2709999999999999
4.2720000000000002
4.2729999999999997
4.2740000000000000
4.2750000000000004
4.2759999999999998
4.2770000000000001
4.2780000000000005
4.2789999999999999
4.2800000000000002
4.2809999999999997
4.2820000000000000
4.2830000000000004
4.2839999999999998
4.2850000000000001
4.2859999999999996
4.2869999999999999
4.2880000000000003
4.2889999999999997
4.2900000000000000
4.2910000000000004
4.2919999999999998
4.2930000000000001
4.2940000000000005
4.2949999999999999
4.2960000000000003
4.2969999999999997
4.2980000000000000
4.2989999999999995
4.2999999999999998
4.3010000000000002
4.3019999999999996
4.3029999999999999
4.3040000000000003
4.3049999999999997
4.3060000000000000
4.3070000000000004
4.3079999999999998
4.3090000000000002
4.3099999999999996
4.3109999999999999
4.3120000000000003
4.3129999999999997
4.3140000000000001
4.3149999999999995
4.3159999999999998
4.3170000000000002
4.3179999999999996
4.3190000000000000
4.3200000000000003
4.3209999999999997
4.3220000000000001
4.3230000000000004
4.3239999999999998
4.3250000000000002
4.3259999999999996
4.3270000000000000
4.3280000000000003
4.3289999999999997
4.3300000000000001
4.3309999999999995
4.3319999999999999
4.3330000000000002
4.3339999999999996
4.3350000000000000
4.3360000000000003
4.3369999999999997
4.3380000000000001
4.3390000000000004
4.3399999999999999
4.3410000000000002
4.3419999999999996
4.3430000000000000
4.3440000000000003
4.3449999999999998
4.3460000000000001
4.3469999999999995
4.3479999999999999
4.3490000000000002
4.3499999999999996
4.3510000000000000
4.3520000000000003
4.3529999999999998
4.3540000000000001
4.3550000000000004
4.3559999999999999
4.3570000000000002
4.3579999999999997
4.3590000000000000
4.3600000000000003
4.3609999999999998
4.3620000000000001
4.3629999999999995
4.3639999999999999
4.3650000000000002
4.3659999999999997
4.3670000000000000
4.3680000000000003
4.3689999999999998
4.3700000000000001
4.3710000000000004
4.3719999999999999
4.3730000000000002
4.3739999999999997
4.3750000000000000
4.3760000000000003
4.3769999999999998
4.3780000000000001
4.3789999999999996
4.3799999999999999
4.3810000000000002
4.3819999999999997
4.3830000000000000
4.3840000000000003
4.3849999999999998
4.3860000000000001
4.3870000000000005
4.3879999999999999
4.3890000000000002
4.3899999999999997
4.3910000000000000
4.3920000000000003
4.3929999999999998
4.3940000000000001
4.3949999999999996
4.3959999999999999
4.3970000000000002
4.3979999999999997
4.3990000000000000
4.4000000000000004
4.4009999999999998
4.4020000000000001
4.4030000000000005
4.4039999999999999
4.4050000000000002
4.4059999999999997
4.4070000000000000
4.4080000000000004
4.4089999999999998
4.4100000000000001
4.4109999999999996
4.4119999999999999
4.4130000000000003
4.4139999999999997
4.4150000000000000
4.4160000000000004
4.4169999999999998
4.4180000000000001
4.4190000000000005
4.4199999999999999
4.4210000000000003
4.4219999999999997
4.4230000000000000
4.4239999999999995
4.4249999999999998
4.4260000000000002
4.4269999999999996
4.4279999999999999
4.4290000000000003
4.4299999999999997
4.4310000000000000
4.4320000000000004
4.4329999999999998
4.4340000000000002
4.4349999999999996
4.4359999999999999
4.4370000000000003
4.4379999999999997
4.4390000000000001
4.4399999999999995
4.4409999999999998
4.4420000000000002
4.4429999999999996
4.4440000000000000
4.4450000000000003
4.4459999999999997
4.4470000000000001
4.4480000000000004
4.4489999999999998
4.4500000000000002
4.4509999999999996
4.4520000000000000
4.4530000000000003
4.4539999999999997
4.4550000000000001
4.4559999999999995
4.4569999999999999
4.4580000000000002
4.4589999999999996
4.4600000000000000
4.4610000000000003
4.4619999999999997
4.4630000000000001
4.4640000000000004
4.4649999999999999
4.4660000000000002
4.4669999999999996
4.4680000000000000
4.4690000000000003
4.4699999999999998
4.4710000000000001
4.4719999999999995
4.4729999999999999
4.4740000000000002
4.4749999999999996
4.4760000000000000
4.4770000000000003
4.4779999999999998
4.4790000000000001
4.4800000000000004
4.4809999999999999
4.4820000000000002
4.4829999999999997
4.4840000000000000
4.4850000000000003
4.4859999999999998
4.4870000000000001
4.4879999999999995
4.4889999999999999
4.4900000000000002
4.4909999999999997
4.4920000000000000
4.4930000000000003
4.4939999999999998
4.4950000000000001
4.4960000000000004
4.4969999999999999
4.4980000000000002
4.4989999999999997
4.5000000000000000
4.5010000000000003
4.5019999999999998
4.5030000000000001
4.5039999999999996
4.5049999999999999
4.5060000000000002
4.5069999999999997
4.5080000000000000
4.5090000000000003
4.5099999999999998
4.5110000000000001
4.5120000000000005
4.5129999999999999
4.5140000000000002
4.5149999999999997
4.5160000000000000
4.5170000000000003
4.5179999999999998
4.5190000000000001
4.5199999999999996
4.5209999999999999
4.5220000000000002
4.5229999999999997
4.5240000000000000
4.5250000000000004
4.5259999999999998
4.5270000000000001
4.5279999999999996
4.5289999999999999
4.5300000000000002
4.5309999999999997
4.5320000000000000
4.5330000000000004
4.5339999999999998
4.5350000000000001
4.5359999999999996
4.5369999999999999
4.5380000000000003
4.5389999999999997
4.5400000000000000
4.5410000000000004
4.5419999999999998
4.5430000000000001
4.5439999999999996
4.5449999999999999
4.5460000000000003
4.5469999999999997
4.5480000000000000
4.5490000000000004
4.5499999999999998
4.5510000000000002
4.5519999999999996
4.5529999999999999
4.5540000000000003
4.5549999999999997
4.5560000000000000
4.5570000000000004
4.5579999999999998
4.5590000000000002
4.5599999999999996
4.5609999999999999
4.5620000000000003
4.5629999999999997
4.5640000000000001
4.5650000000000004
4.5659999999999998
4.5670000000000002
4.5679999999999996
4.5690000000000000
4.5700000000000003
4.5709999999999997
4.5720000000000001
4.5730000000000004
4.5739999999999998
4.5750000000000002
4.5759999999999996
4.5770000000000000
4.5780000000000003
4.5789999999999997
4.5800000000000001
4.5810000000000004
4.5819999999999999
4.5830000000000002
4.5839999999999996
4.5850000000000000
4.5860000000000003
4.5869999999999997
4.5880000000000001
4.5890000000000004
4.5899999999999999
4.5910000000000002
4.5919999999999996
4.5930000000000000
4.5940000000000003
4.5949999999999998
4.5960000000000001
4.5969999999999995
4.5979999999999999
4.5990000000000002
4.5999999999999996
4.6010000000000000
4.6020000000000003
4.6029999999999998
4.6040000000000001
4.6050000000000004
4.6059999999999999
4.6070000000000002
4.6079999999999997
4.6090000000000000
4.6100000000000003
4.6109999999999998
4.6120000000000001
4.6129999999999995
4.6139999999999999
4.6150000000000002
4.6159999999999997
4.6170000000000000
4.6180000000000003
4.6189999999999998
4.6200000000000001
4.6210000000000004
4.6219999999999999
4.6230000000000002
4.6239999999999997
4.6250000000000000
4.6260000000000003
4.6269999999999998
4.6280000000000001
4.6289999999999996
4.6299999999999999
4.6310000000000002
4.6319999999999997
4.6330000000000000
4.6340000000000003
4.6349999999999998
4.6360000000000001
4.6370000000000005
4.6379999999999999
4.6390000000000002
4.6399999999999997
4.6410000000000000
4.6420000000000003
4.6429999999999998
4.6440000000000001
4.6449999999999996
4.6459999999999999
4.6470000000000002
4.6479999999999997
4.6490000000000000
4.6500000000000004
4.6509999999999998
4.6520000000000001
4.6529999999999996
4.6539999999999999
4.6550000000000002
4.6559999999999997
4.6570000000000000
4.6580000000000004
4.6589999999999998
4.6600000000000001
4.6609999999999996
4.6619999999999999
4.6630000000000003
4.6639999999999997
4.6650000000000000
4.6660000000000004
4.6669999999999998
4.6680000000000001
4.6689999999999996
4.6699999999999999
4.6710000000000003
4.6719999999999997
4.6730000000000000
4.6740000000000004
4.6749999999999998
4.6760000000000002
4.6769999999999996
4.6779999999999999
4.6790000000000003
4.6799999999999997
4.6810000000000000
4.6820000000000004
4.6829999999999998
4.6840000000000002
4.6849999999999996
4.6859999999999999
4.6870000000000003
4.6879999999999997
4.6890000000000001
4.6900000000000004
4.6909999999999998
4.6920000000000002
4.6929999999999996
4.6940000000000000
4.6950000000000003
4.6959999999999997
4.6970000000000001
4.6980000000000004
4.6989999999999998
4.7000000000000002
4.7009999999999996
4.7020000000000000
4.7030000000000003
4.7039999999999997
4.7050000000000001
4.7060000000000004
4.7069999999999999
4.7080000000000002
4.7089999999999996
4.7100000000000000
4.7110000000000003
4.7119999999999997
4.7130000000000001
4.7140000000000004
4.7149999999999999
4.7160000000000002
4.7169999999999996
4.7180000000000000
4.7190000000000003
4.7199999999999998
4.7210000000000001
4.7219999999999995
4.7229999999999999
4.7240000000000002
4.7249999999999996
4.7260000000000000
4.7270000000000003
4.7279999999999998
4.7290000000000001
4.7300000000000004
4.7309999999999999
4.7320000000000002
4.7329999999999997
4.7340000000000000
4.7350000000000003
4.7359999999999998
4.7370000000000001
4.7379999999999995
4.7389999999999999
4.7400000000000002
4.7409999999999997
4.7420000000000000
4.7430000000000003
4.7439999999999998
4.7450000000000001
4.7460000000000004
4.7469999999999999
4.7480000000000002
4.7489999999999997
4.7500000000000000
4.7510000000000003
4.7519999999999998
4.7530000000000001
4.7539999999999996
4.7549999999999999
4.7560000000000002
4.7569999999999997
4.7580000000000000
4.7590000000000003
4.7599999999999998
4.7610000000000001
4.7619999999999996
4.7629999999999999
4.7640000000000002
4.7649999999999997
4.7660000000000000
4.7670000000000003
4.7679999999999998
4.7690000000000001
4.7699999999999996
4.7709999999999999
4.7720000000000002
4.7729999999999997
4.7740000000000000
4.7750000000000004
4.7759999999999998
4.7770000000000001
4.7779999999999996
4.7789999999999999
4.7800000000000002
4.7809999999999997
4.7820000000000000
4.7830000000000004
4.7839999999999998
4.7850000000000001
4.7859999999999996
4.7869999999999999
4.7880000000000003
4.7889999999999997
4.7900000000000000
4.7910000000000004
4.7919999999999998
4.7930000000000001
4.7939999999999996
4.7949999999999999
4.7960000000000003
4.7969999999999997
4.7980000000000000
4.7990000000000004
4.7999999999999998
4.8010000000000002
4.8019999999999996
4.8029999999999999
4.8040000000000003
4.8049999999999997
4.8060000000000000
4.8070000000000004
4.8079999999999998
4.8090000000000002
4.8099999999999996
4.8109999999999999
4.8120000000000003
4.8129999999999997
4.8140000000000001
4.8150000000000004
4.8159999999999998
4.8170000000000002
4.8179999999999996
4.8190000000000000
4.8200000000000003
4.8209999999999997
4.8220000000000001
4.8230000000000004
4.8239999999999998
4.8250000000000002
4.8259999999999996
4.8270000000000000
4.8280000000000003
4.8289999999999997
4.8300000000000001
4.8310000000000004
4.8319999999999999
4.8330000000000002
4.8339999999999996
4.8350000000000000
4.8360000000000003
4.8369999999999997
4.8380000000000001
4.8390000000000004
4.8399999999999999
4.8410000000000002
4.8419999999999996
4.8430000000000000
4.8440000000000003
4.8449999999999998
4.8460000000000001
4.8470000000000004
4.8479999999999999
4.8490000000000002
4.8499999999999996
4.8510000000000000
4.8520000000000003
4.8529999999999998
4.8540000000000001
4.8550000000000004
4.8559999999999999
4.8570000000000002
4.8579999999999997
4.8590000000000000
4.8600000000000003
4.8609999999999998
4.8620000000000001
4.8629999999999995
4.8639999999999999
4.8650000000000002
4.8659999999999997
4.8670000000000000
4.8680000000000003
4.8689999999999998
4.8700000000000001
4.8710000000000004
4.8719999999999999
4.8730000000000002
4.8739999999999997
4.8750000000000000
4.8760000000000003
4.8769999999999998
4.8780000000000001
4.8789999999999996
4.8799999999999999
4.8810000000000002
4.8819999999999997
4.8830000000000000
4.8840000000000003
4.8849999999999998
4.8860000000000001
4.8869999999999996
4.8879999999999999
4.8890000000000002
4.8899999999999997
4.8910000000000000
4.8920000000000003
4.8929999999999998
4.8940000000000001
4.8949999999999996
4.8959999999999999
4.8970000000000002
4.8979999999999997
4.8990000000000000
4.9000000000000004
4.9009999999999998
4.9020000000000001
4.9029999999999996
4.9039999999999999
4.9050000000000002
4.9059999999999997
4.9070000000000000
4.9080000000000004
4.9089999999999998
4.9100000000000001
4.9109999999999996
4.9119999999999999
4.9130000000000003
4.9139999999999997
4.9150000000000000
4.9160000000000004
4.9169999999999998
4.9180000000000001
4.9189999999999996
4.9199999999999999
4.9210000000000003
4.9219999999999997
4.9230000000000000
4.9240000000000004
4.9249999999999998
4.9260000000000002
4.9269999999999996
4.9279999999999999
4.9290000000000003
4.9299999999999997
4.9310000000000000
4.9320000000000004
4.9329999999999998
4.9340000000000002
4.9349999999999996
4.9359999999999999
4.9370000000000003
4.9379999999999997
4.9390000000000001
4.9400000000000004
4.9409999999999998
4.9420000000000002
4.9429999999999996
4.9440000000000000
4.9450000000000003
4.9459999999999997
4.9470000000000001
4.9480000000000004
4.9489999999999998
4.9500000000000002
4.9509999999999996
4.9520000000000000
4.9530000000000003
4.9539999999999997
4.9550000000000001
4.9560000000000004
4.9569999999999999
4.9580000000000002
4.9589999999999996
4.9600000000000000
4.9610000000000003
4.9619999999999997
4.9630000000000001
4.9640000000000004
4.9649999999999999
4.9660000000000002
4.9669999999999996
4.9680000000000000
4.9690000000000003
4.9699999999999998
4.9710000000000001
4.9720000000000004
4.9729999999999999
4.9740000000000002
4.9749999999999996
4.9760000000000000
4.9770000000000003
4.9779999999999998
4.9790000000000001
4.9800000000000004
4.9809999999999999
4.9820000000000002
4.9829999999999997
4.9840000000000000
4.9850000000000003
4.9859999999999998
4.9870000000000001
4.9880000000000004
4.9889999999999999
4.9900000000000002
4.9909999999999997
4.9920000000000000
4.9930000000000003
4.9939999999999998
4.9950000000000001
4.9960000000000004
4.9969999999999999
4.9980000000000002
4.9989999999999997
5.0000000000000000
